,J_AA Sequence,J_SS,SCOPeID,PDB_ID
0,RVVVDNDPVPTSFEKWAKPGHFDRTLARGPQTTTWIWNLHALAHDFDTHTSDLEDISRKIFSAHFGHLAVVFIWLSGMYFHGAKFSNYEAWLADPTGIKPSAQVVWPIVGQGILNGDVGGGFHGIQITSGLFQLWRASGITNEFQLYCTAIGGLVMAGLMLFAGWFHYHKRAPKLEWFQNVESMLNHHLAGLLGLGSLAWAGHQIHVSLPINKLLDAGVAAKDIPLPHEFILNPSLMAELYPKVDWGFFSPFFTFNWAAYSDFLTFNGGLNPVTGGLWLSDTAHHHLAIAVLFIIAGHMYRTNWGIGHSLKEILEAHKGPFTGAGHKGLYEVLTTSWHAQLAINLAMMGSLSIIVAQHMYAMPPYPYLATDYPTQLSLFTHHMWIGGFLVVGGAAHGAIFMVRDYDPAMNQNNVLDRVLRHRDAIISHLNWVCIFLGFHSFGLYVHNDTMRAFGRPQDMFSDTGIQLQPVFAQWVQNLHTLAPGGTAPNAAATASVAFGGDVVAVGGKVAMMPIVLGTADFMVHHIHAFTIHVTVLILLKGVLFARSSRLIPDKANLGFRFPCDGPGRGGTCQVSGWDHVFLGLFWMYNCISVVIFHFSWKMQSDVWGTVAPDGTVSHITGGNFAQSAITINGWLRDFLWAQASQVIGSYGSALSAYGLLFLGAHFIWAFSLMFLFSGRGYWQELIESIVWAHNKLKVAPAIQPRALSIIQGRAVGVAHYLLGGIATTWAFFLARIISVG,--EEE------------------HHHH----HHHHHHHHH------------HHHHHHHHHHHHHHHHHHHHHHHHHHHHHHHH---HHHHH---------HHHHH-HH--HHH----------EEEHHHHHHHHHHH----HHHHHHHHHHHHHHHHHHHHHHHHHHHHHHHHHHHHHHHHHHHHHHHHHHHHHHHHHHHHHHHHHHH----H-------------------HHHHHHHH----------H-----------------------HHHHHHHHHHHHHHHHHHHHHHHHHHHHHHHHHHHHHHHHH----------HHHHHHHHHHHHHHHHHHHHHHHHHHHHHHHHHH-----------HHHHHHHHHHHHHHHHHHHHHHHHHHHHEEEE----HHH-HHHHHHHHHH--HHHHHHHHHHHHHHHHHHHHHHHHHHHH----------------HHHHHHHHHHHHH---------------------EEE---------------HHHHHHHHHHHHHHHHHHHH-------------------------------------HHHHHHHHHHHHHHHHHHEHHHHHHHHH---EEE----EEEEE---------HHHHHHHHHHHH--HHHHHH------HHHHHHHHHHHHHHHHHHHHHH----HHHHHHHHHHHHHHH----------EHHHHHHHHHHHHHHHHHHHHHHHHHHHHHHHH--,d1jb0a_,1jb0
