,Unnamed: 0,Unnamed: 0.1,RES,CHAIN,AA,SS_CLASS,PDB_dbResNum,PDB_dbResName,PDB_dbChainId,UniProt_dbAccessionId,UniProt_dbResNum,UniProt_dbResName,PDB_codeSecondaryStructure,PDB_nameSecondaryStructure,shifted Uni,AF_predictions
0,1,1,1.0,A,M,C,1.0,MET,A,Q9X006,1.0,M,T,loop,M,C
1,2,2,2.0,A,K,C,2.0,LYS,A,Q9X006,2.0,K,T,loop,K,C
2,3,3,3.0,A,I,C,3.0,ILE,A,Q9X006,3.0,I,T,loop,I,C
3,4,4,4.0,A,S,C,4.0,SER,A,Q9X006,4.0,S,H,helix,S,C
4,5,5,5.0,A,E,H,5.0,GLU,A,Q9X006,5.0,E,H,helix,E,H
5,6,6,6.0,A,R,H,6.0,ARG,A,Q9X006,6.0,R,H,helix,R,H
6,7,7,7.0,A,Q,H,7.0,GLN,A,Q9X006,7.0,Q,H,helix,Q,H
7,8,8,8.0,A,K,H,8.0,LYS,A,Q9X006,8.0,K,H,helix,K,H
8,9,9,9.0,A,D,H,9.0,ASP,A,Q9X006,9.0,D,H,helix,D,H
9,10,10,10.0,A,L,H,10.0,LEU,A,Q9X006,10.0,L,H,helix,L,H
10,11,11,11.0,A,L,H,11.0,LEU,A,Q9X006,11.0,L,H,helix,L,H
11,12,12,12.0,A,K,H,12.0,LYS,A,Q9X006,12.0,K,H,helix,K,H
12,13,13,13.0,A,E,H,13.0,GLU,A,Q9X006,13.0,E,H,helix,E,H
13,14,14,14.0,A,I,H,14.0,ILE,A,Q9X006,14.0,I,H,helix,I,H
14,15,15,15.0,A,G,H,15.0,GLY,A,Q9X006,15.0,G,H,helix,G,H
15,16,16,16.0,A,N,H,16.0,ASN,A,Q9X006,16.0,N,H,helix,N,H
16,17,17,17.0,A,I,H,17.0,ILE,A,Q9X006,17.0,I,H,helix,I,H
17,18,18,18.0,A,G,H,18.0,GLY,A,Q9X006,18.0,G,H,helix,G,H
18,19,19,19.0,A,A,H,19.0,ALA,A,Q9X006,19.0,A,H,helix,A,H
19,20,20,20.0,A,G,H,20.0,GLY,A,Q9X006,20.0,G,H,helix,G,H
20,21,21,21.0,A,N,H,21.0,ASN,A,Q9X006,21.0,N,H,helix,N,H
21,22,22,22.0,A,A,H,22.0,ALA,A,Q9X006,22.0,A,H,helix,A,H
22,23,23,23.0,A,A,H,23.0,ALA,A,Q9X006,23.0,A,H,helix,A,H
23,24,24,24.0,A,T,H,24.0,THR,A,Q9X006,24.0,T,H,helix,T,H
24,25,25,25.0,A,A,H,25.0,ALA,A,Q9X006,25.0,A,H,helix,A,H
25,26,26,26.0,A,I,H,26.0,ILE,A,Q9X006,26.0,I,H,helix,I,H
26,27,27,27.0,A,S,H,27.0,SER,A,Q9X006,27.0,S,H,helix,S,H
27,28,28,28.0,A,Y,H,28.0,TYR,A,Q9X006,28.0,Y,H,helix,Y,H
28,29,29,29.0,A,M,H,29.0,MET,A,Q9X006,29.0,M,H,helix,M,H
29,30,30,30.0,A,I,H,30.0,ILE,A,Q9X006,30.0,I,H,helix,I,H
30,31,31,31.0,A,N,C,31.0,ASN,A,Q9X006,31.0,N,H,helix,N,C
31,32,32,32.0,A,K,C,32.0,LYS,A,Q9X006,32.0,K,T,loop,K,C
32,33,33,33.0,A,K,C,33.0,LYS,A,Q9X006,33.0,K,T,loop,K,C
33,34,34,34.0,A,V,E,34.0,VAL,A,Q9X006,34.0,V,E,strand,V,E
34,35,35,35.0,A,E,E,35.0,GLU,A,Q9X006,35.0,E,E,strand,E,E
35,36,36,36.0,A,I,E,36.0,ILE,A,Q9X006,36.0,I,E,strand,I,E
36,37,37,37.0,A,S,E,37.0,SER,A,Q9X006,37.0,S,E,strand,S,E
37,38,38,38.0,A,V,C,38.0,VAL,A,Q9X006,38.0,V,T,loop,V,E
38,39,39,39.0,A,P,C,39.0,PRO,A,Q9X006,39.0,P,T,loop,P,E
39,40,40,40.0,A,N,C,40.0,ASN,A,Q9X006,40.0,N,T,loop,N,E
40,41,41,41.0,A,V,E,41.0,VAL,A,Q9X006,41.0,V,E,strand,V,E
41,42,42,42.0,A,E,E,42.0,GLU,A,Q9X006,42.0,E,E,strand,E,E
42,43,43,43.0,A,I,E,43.0,ILE,A,Q9X006,43.0,I,E,strand,I,E
43,44,44,44.0,A,V,E,44.0,VAL,A,Q9X006,44.0,V,E,strand,V,E
44,45,45,45.0,A,P,E,45.0,PRO,A,Q9X006,45.0,P,E,strand,P,E
45,46,46,46.0,A,I,C,46.0,ILE,A,Q9X006,46.0,I,T,loop,I,C
46,47,47,47.0,A,S,C,47.0,SER,A,Q9X006,47.0,S,H,helix,S,C
47,48,48,48.0,A,K,C,48.0,LYS,A,Q9X006,48.0,K,H,helix,K,C
48,49,49,49.0,A,V,C,49.0,VAL,A,Q9X006,49.0,V,H,helix,V,C
49,50,50,50.0,A,I,C,50.0,ILE,A,Q9X006,50.0,I,H,helix,I,C
50,51,51,51.0,A,F,C,51.0,PHE,A,Q9X006,51.0,F,H,helix,F,C
51,52,52,52.0,A,I,C,52.0,ILE,A,Q9X006,52.0,I,H,helix,I,C
52,53,53,53.0,A,A,C,53.0,ALA,A,Q9X006,53.0,A,H,helix,A,C
53,54,54,54.0,A,K,C,54.0,LYS,A,Q9X006,54.0,K,T,loop,K,C
54,55,55,55.0,A,D,C,55.0,ASP,A,Q9X006,55.0,D,T,loop,D,C
55,56,56,56.0,A,P,C,56.0,PRO,A,Q9X006,56.0,P,T,loop,P,C
56,57,57,57.0,A,E,C,57.0,GLU,A,Q9X006,57.0,E,T,loop,E,C
57,58,58,58.0,A,E,C,58.0,GLU,A,Q9X006,58.0,E,T,loop,E,C
58,59,59,59.0,A,I,E,59.0,ILE,A,Q9X006,59.0,I,E,strand,I,E
59,60,60,60.0,A,V,E,60.0,VAL,A,Q9X006,60.0,V,E,strand,V,E
60,61,61,61.0,A,V,E,61.0,VAL,A,Q9X006,61.0,V,E,strand,V,E
61,62,62,62.0,A,G,E,62.0,GLY,A,Q9X006,62.0,G,E,strand,G,E
62,63,63,63.0,A,V,E,63.0,VAL,A,Q9X006,63.0,V,E,strand,V,E
63,64,64,64.0,A,K,E,64.0,LYS,A,Q9X006,64.0,K,E,strand,K,E
64,65,65,65.0,A,M,E,65.0,MET,A,Q9X006,65.0,M,E,strand,M,E
65,66,66,66.0,A,P,E,66.0,PRO,A,Q9X006,66.0,P,E,strand,P,E
66,67,67,67.0,A,V,E,67.0,VAL,A,Q9X006,67.0,V,E,strand,V,E
67,68,68,68.0,A,T,E,68.0,THR,A,Q9X006,68.0,T,E,strand,T,E
68,69,69,69.0,A,G,E,69.0,GLY,A,Q9X006,69.0,G,E,strand,G,E
69,70,70,70.0,A,D,C,70.0,ASP,A,Q9X006,70.0,D,T,loop,D,C
70,71,71,71.0,A,I,C,71.0,ILE,A,Q9X006,71.0,I,T,loop,I,C
71,72,72,72.0,A,E,C,72.0,GLU,A,Q9X006,72.0,E,T,loop,E,C
72,73,73,73.0,A,G,E,73.0,GLY,A,Q9X006,73.0,G,E,strand,G,E
73,74,74,74.0,A,S,E,74.0,SER,A,Q9X006,74.0,S,E,strand,S,E
74,75,75,75.0,A,V,E,75.0,VAL,A,Q9X006,75.0,V,E,strand,V,E
75,76,76,76.0,A,L,E,76.0,LEU,A,Q9X006,76.0,L,E,strand,L,E
76,77,77,77.0,A,L,E,77.0,LEU,A,Q9X006,77.0,L,E,strand,L,E
77,78,78,78.0,A,I,E,78.0,ILE,A,Q9X006,78.0,I,E,strand,I,E
78,79,79,79.0,A,M,E,79.0,MET,A,Q9X006,79.0,M,E,strand,M,E
79,80,80,80.0,A,G,C,80.0,GLY,A,Q9X006,80.0,G,H,helix,G,C
80,81,81,81.0,A,T,H,81.0,THR,A,Q9X006,81.0,T,H,helix,T,H
81,82,82,82.0,A,T,H,82.0,THR,A,Q9X006,82.0,T,H,helix,T,H
82,83,83,83.0,A,V,H,83.0,VAL,A,Q9X006,83.0,V,H,helix,V,H
83,84,84,84.0,A,V,H,84.0,VAL,A,Q9X006,84.0,V,H,helix,V,H
84,85,85,85.0,A,K,H,85.0,LYS,A,Q9X006,85.0,K,H,helix,K,H
85,86,86,86.0,A,K,H,86.0,LYS,A,Q9X006,86.0,K,H,helix,K,H
86,87,87,87.0,A,I,H,87.0,ILE,A,Q9X006,87.0,I,H,helix,I,H
87,88,88,88.0,A,L,H,88.0,LEU,A,Q9X006,88.0,L,H,helix,L,H
88,89,89,89.0,A,E,H,89.0,GLU,A,Q9X006,89.0,E,H,helix,E,H
89,90,90,90.0,A,I,H,90.0,ILE,A,Q9X006,90.0,I,H,helix,I,H
90,91,91,91.0,A,L,H,91.0,LEU,A,Q9X006,91.0,L,H,helix,L,H
91,92,92,92.0,A,T,H,92.0,THR,A,Q9X006,92.0,T,H,helix,T,H
92,93,93,93.0,A,G,C,93.0,GLY,A,Q9X006,93.0,G,H,helix,G,C
93,94,94,94.0,A,R,C,94.0,ARG,A,Q9X006,94.0,R,T,loop,R,C
94,95,95,95.0,A,A,C,95.0,ALA,A,Q9X006,95.0,A,T,loop,A,C
95,96,96,96.0,A,P,C,96.0,PRO,A,Q9X006,96.0,P,T,loop,P,C
96,97,97,97.0,A,D,C,97.0,ASP,A,Q9X006,97.0,D,T,loop,D,C
97,98,98,98.0,A,N,C,98.0,ASN,A,Q9X006,98.0,N,T,loop,N,C
98,99,99,99.0,A,L,C,99.0,LEU,A,Q9X006,99.0,L,T,loop,L,C
99,100,100,100.0,A,L,C,100.0,LEU,A,Q9X006,100.0,L,T,loop,L,C
100,101,101,101.0,A,N,C,101.0,ASN,A,Q9X006,101.0,N,T,loop,N,C
101,102,102,102.0,A,L,C,102.0,LEU,A,Q9X006,102.0,L,T,loop,L,C
102,103,103,103.0,A,D,C,103.0,ASP,A,Q9X006,103.0,D,H,helix,D,C
103,104,104,104.0,A,E,H,104.0,GLU,A,Q9X006,104.0,E,H,helix,E,H
104,105,105,105.0,A,F,H,105.0,PHE,A,Q9X006,105.0,F,H,helix,F,H
105,106,106,106.0,A,S,H,106.0,SER,A,Q9X006,106.0,S,H,helix,S,H
106,107,107,107.0,A,A,H,107.0,ALA,A,Q9X006,107.0,A,H,helix,A,H
107,108,108,108.0,A,S,H,108.0,SER,A,Q9X006,108.0,S,H,helix,S,H
108,109,109,109.0,A,A,H,109.0,ALA,A,Q9X006,109.0,A,H,helix,A,H
109,110,110,110.0,A,L,H,110.0,LEU,A,Q9X006,110.0,L,H,helix,L,H
110,111,111,111.0,A,R,H,111.0,ARG,A,Q9X006,111.0,R,H,helix,R,H
111,112,112,112.0,A,E,H,112.0,GLU,A,Q9X006,112.0,E,H,helix,E,H
112,113,113,113.0,A,I,H,113.0,ILE,A,Q9X006,113.0,I,H,helix,I,H
113,114,114,114.0,A,G,H,114.0,GLY,A,Q9X006,114.0,G,H,helix,G,H
114,115,115,115.0,A,N,H,115.0,ASN,A,Q9X006,115.0,N,H,helix,N,H
115,116,116,116.0,A,I,H,116.0,ILE,A,Q9X006,116.0,I,H,helix,I,H
116,117,117,117.0,A,M,H,117.0,MET,A,Q9X006,117.0,M,H,helix,M,H
117,118,118,118.0,A,C,H,118.0,CYS,A,Q9X006,118.0,C,H,helix,C,H
118,119,119,119.0,A,G,H,119.0,GLY,A,Q9X006,119.0,G,H,helix,G,H
119,120,120,120.0,A,T,H,120.0,THR,A,Q9X006,120.0,T,H,helix,T,H
120,121,121,121.0,A,Y,H,121.0,TYR,A,Q9X006,121.0,Y,H,helix,Y,H
121,122,122,122.0,A,V,H,122.0,VAL,A,Q9X006,122.0,V,H,helix,V,H
122,123,123,123.0,A,S,H,123.0,SER,A,Q9X006,123.0,S,H,helix,S,H
123,124,124,124.0,A,A,H,124.0,ALA,A,Q9X006,124.0,A,H,helix,A,H
124,125,125,125.0,A,L,H,125.0,LEU,A,Q9X006,125.0,L,H,helix,L,H
125,126,126,126.0,A,A,H,126.0,ALA,A,Q9X006,126.0,A,H,helix,A,H
126,127,127,127.0,A,D,H,127.0,ASP,A,Q9X006,127.0,D,H,helix,D,H
127,128,128,128.0,A,F,H,128.0,PHE,A,Q9X006,128.0,F,H,helix,F,H
128,129,129,129.0,A,L,H,129.0,LEU,A,Q9X006,129.0,L,H,helix,L,H
129,130,130,130.0,A,G,C,130.0,GLY,A,Q9X006,130.0,G,H,helix,G,C
130,131,131,131.0,A,F,C,131.0,PHE,A,Q9X006,131.0,F,T,loop,F,C
131,132,132,132.0,A,K,C,132.0,LYS,A,Q9X006,132.0,K,T,loop,K,C
132,133,133,133.0,A,I,E,133.0,ILE,A,Q9X006,133.0,I,E,strand,I,E
133,134,134,134.0,A,D,E,134.0,ASP,A,Q9X006,134.0,D,E,strand,D,E
134,135,135,135.0,A,T,E,135.0,THR,A,Q9X006,135.0,T,E,strand,T,E
135,136,136,136.0,A,L,C,136.0,LEU,A,Q9X006,136.0,L,T,loop,L,C
136,137,137,137.0,A,P,C,137.0,PRO,A,Q9X006,137.0,P,T,loop,P,C
137,138,138,138.0,A,P,C,138.0,PRO,A,Q9X006,138.0,P,T,loop,P,C
138,139,139,139.0,A,Q,E,139.0,GLN,A,Q9X006,139.0,Q,E,strand,Q,E
139,140,140,140.0,A,L,E,140.0,LEU,A,Q9X006,140.0,L,E,strand,L,E
140,141,141,141.0,A,V,E,141.0,VAL,A,Q9X006,141.0,V,E,strand,V,E
141,142,142,142.0,A,I,E,142.0,ILE,A,Q9X006,142.0,I,E,strand,I,E
142,143,143,143.0,A,D,E,143.0,ASP,A,Q9X006,143.0,D,E,strand,D,E
143,144,144,144.0,A,M,E,144.0,MET,A,Q9X006,144.0,M,E,strand,M,E
144,145,145,145.0,A,I,H,145.0,ILE,A,Q9X006,145.0,I,H,helix,I,H
145,146,146,146.0,A,S,H,146.0,SER,A,Q9X006,146.0,S,H,helix,S,H
146,147,147,147.0,A,A,H,147.0,ALA,A,Q9X006,147.0,A,H,helix,A,H
147,148,148,148.0,A,I,H,148.0,ILE,A,Q9X006,148.0,I,H,helix,I,H
148,149,149,149.0,A,F,H,149.0,PHE,A,Q9X006,149.0,F,H,helix,F,H
149,150,150,150.0,A,A,H,150.0,ALA,A,Q9X006,150.0,A,H,helix,A,H
150,151,151,151.0,A,E,H,151.0,GLU,A,Q9X006,151.0,E,H,helix,E,H
151,152,152,152.0,A,A,H,152.0,ALA,A,Q9X006,152.0,A,H,helix,A,H
152,153,153,153.0,A,S,H,153.0,SER,A,Q9X006,153.0,S,H,helix,S,H
153,154,154,154.0,A,I,H,154.0,ILE,A,Q9X006,154.0,I,H,helix,I,H
154,155,155,155.0,A,E,H,155.0,GLU,A,Q9X006,155.0,E,H,helix,E,H
155,156,156,156.0,A,E,H,156.0,GLU,A,Q9X006,156.0,E,H,helix,E,H
156,157,157,157.0,A,L,H,157.0,LEU,A,Q9X006,157.0,L,H,helix,L,C
157,158,158,158.0,A,E,C,158.0,GLU,A,Q9X006,158.0,E,H,helix,E,C
158,159,159,159.0,A,D,C,159.0,ASP,A,Q9X006,159.0,D,T,loop,D,C
159,160,160,160.0,A,N,C,160.0,ASN,A,Q9X006,160.0,N,T,loop,N,C
160,161,161,161.0,A,S,C,161.0,SER,A,Q9X006,161.0,S,T,loop,S,C
161,162,162,162.0,A,E,C,162.0,GLU,A,Q9X006,162.0,E,T,loop,E,C
162,163,163,163.0,A,D,C,163.0,ASP,A,Q9X006,163.0,D,T,loop,D,C
163,164,164,164.0,A,Q,E,164.0,GLN,A,Q9X006,164.0,Q,E,strand,Q,E
164,165,165,165.0,A,I,E,165.0,ILE,A,Q9X006,165.0,I,E,strand,I,E
165,166,166,166.0,A,V,E,166.0,VAL,A,Q9X006,166.0,V,E,strand,V,E
166,167,167,167.0,A,F,E,167.0,PHE,A,Q9X006,167.0,F,E,strand,F,E
167,168,168,168.0,A,V,E,168.0,VAL,A,Q9X006,168.0,V,E,strand,V,E
168,169,169,169.0,A,E,E,169.0,GLU,A,Q9X006,169.0,E,E,strand,E,E
169,170,170,170.0,A,T,E,170.0,THR,A,Q9X006,170.0,T,E,strand,T,E
170,171,171,171.0,A,L,E,171.0,LEU,A,Q9X006,171.0,L,E,strand,L,E
171,172,172,172.0,A,L,E,172.0,LEU,A,Q9X006,172.0,L,E,strand,L,E
172,173,173,173.0,A,K,E,173.0,LYS,A,Q9X006,173.0,K,E,strand,K,E
173,174,174,174.0,A,V,E,174.0,VAL,A,Q9X006,174.0,V,E,strand,V,E
174,175,175,175.0,A,E,C,175.0,GLU,A,Q9X006,175.0,E,T,loop,E,C
175,176,176,176.0,A,E,C,176.0,GLU,A,Q9X006,176.0,E,T,loop,E,C
176,177,177,177.0,A,E,C,177.0,GLU,A,Q9X006,177.0,E,T,loop,E,C
177,178,178,178.0,A,E,C,178.0,GLU,A,Q9X006,178.0,E,T,loop,E,C
178,179,179,179.0,A,E,C,179.0,GLU,A,Q9X006,179.0,E,T,loop,E,C
179,180,180,180.0,A,P,C,180.0,PRO,A,Q9X006,180.0,P,T,loop,P,C
180,181,181,181.0,A,L,E,181.0,LEU,A,Q9X006,181.0,L,E,strand,L,E
181,182,182,182.0,A,T,E,182.0,THR,A,Q9X006,182.0,T,E,strand,T,E
182,183,183,183.0,A,S,E,183.0,SER,A,Q9X006,183.0,S,E,strand,S,E
183,184,184,184.0,A,Y,E,184.0,TYR,A,Q9X006,184.0,Y,E,strand,Y,E
184,185,185,185.0,A,M,E,185.0,MET,A,Q9X006,185.0,M,E,strand,M,E
185,186,186,186.0,A,M,E,186.0,MET,A,Q9X006,186.0,M,E,strand,M,E
186,187,187,187.0,A,M,E,187.0,MET,A,Q9X006,187.0,M,E,strand,M,E
187,188,188,188.0,A,I,E,188.0,ILE,A,Q9X006,188.0,I,E,strand,I,E
188,189,189,189.0,A,P,E,189.0,PRO,A,Q9X006,189.0,P,E,strand,P,E
189,190,190,190.0,A,K,C,190.0,LYS,A,Q9X006,190.0,K,T,loop,K,C
190,191,191,191.0,A,P,C,191.0,PRO,A,Q9X006,191.0,P,T,loop,P,C
191,192,192,192.0,A,G,C,192.0,GLY,A,Q9X006,192.0,G,H,helix,G,C
192,193,193,193.0,A,Y,H,193.0,TYR,A,Q9X006,193.0,Y,H,helix,Y,H
193,194,194,194.0,A,L,H,194.0,LEU,A,Q9X006,194.0,L,H,helix,L,H
194,195,195,195.0,A,V,H,195.0,VAL,A,Q9X006,195.0,V,H,helix,V,H
195,196,196,196.0,A,K,H,196.0,LYS,A,Q9X006,196.0,K,H,helix,K,H
196,197,197,197.0,A,I,H,197.0,ILE,A,Q9X006,197.0,I,H,helix,I,H
197,198,198,198.0,A,F,H,198.0,PHE,A,Q9X006,198.0,F,H,helix,F,H
198,199,199,199.0,A,E,H,199.0,GLU,A,Q9X006,199.0,E,H,helix,E,H
199,200,200,200.0,A,R,C,200.0,ARG,A,Q9X006,200.0,R,H,helix,R,H
200,201,201,201.0,A,M,C,201.0,MET,A,Q9X006,201.0,M,T,loop,M,C
201,202,202,202.0,A,G,C,202.0,GLY,A,Q9X006,202.0,G,T,loop,G,C
202,203,203,203.0,A,I,C,203.0,ILE,A,Q9X006,203.0,I,T,loop,I,C
203,204,204,204.0,A,Q,C,204.0,GLN,A,Q9X006,204.0,Q,T,loop,Q,C
