,Unnamed: 0.1,Unnamed: 0,RES,CHAIN,AA,SS_CLASS,PDB_dbResNum,PDB_dbResName,PDB_dbChainId,UniProt_dbAccessionId,UniProt_dbResNum,UniProt_dbResName,shifted Uni,AF_predictions,Jpred_seq,Jpred_SS_pred
0,0,0,-10.0,A,G,C,-10.0,GLY,A,Q99759,27.0,G,G,C,S,C
1,1,1,-9.0,A,T,C,-9.0,THR,A,Q99759,28.0,Y,Y,C,D,C
2,2,2,-8.0,A,E,C,-8.0,GLU,A,Q99759,29.0,E,E,C,V,E
3,3,3,-7.0,A,N,C,-7.0,ASN,A,Q99759,30.0,T,T,C,R,E
4,4,4,-6.0,A,L,C,-6.0,LEU,A,Q99759,31.0,M,M,C,I,E
5,5,5,43.0,A,S,C,43.0,SER,A,Q99759,43.0,S,S,C,K,E
6,6,6,44.0,A,D,C,44.0,ASP,A,Q99759,44.0,D,D,C,F,E
7,7,7,45.0,A,V,E,45.0,VAL,A,Q99759,45.0,V,V,E,E,E
8,8,8,46.0,A,R,E,46.0,ARG,A,Q99759,46.0,R,R,E,H,E
9,9,9,47.0,A,I,E,47.0,ILE,A,Q99759,47.0,I,I,E,N,C
10,10,10,48.0,A,K,E,48.0,LYS,A,Q99759,48.0,K,K,E,G,C
11,11,11,49.0,A,F,E,49.0,PHE,A,Q99759,49.0,F,F,E,E,E
12,12,12,50.0,A,E,E,50.0,GLU,A,Q99759,50.0,E,E,E,R,E
13,13,13,51.0,A,H,E,51.0,HIS,A,Q99759,51.0,H,H,E,R,E
14,14,14,52.0,A,N,C,52.0,ASN,A,Q99759,52.0,N,N,C,I,E
15,15,15,53.0,A,G,C,53.0,GLY,A,Q99759,53.0,G,G,C,I,E
16,16,16,54.0,A,E,E,54.0,GLU,A,Q99759,54.0,E,E,E,A,E
17,17,17,55.0,A,R,E,55.0,ARG,A,Q99759,55.0,R,R,E,F,E
18,18,18,56.0,A,R,E,56.0,ARG,A,Q99759,56.0,R,R,E,S,C
19,19,19,57.0,A,I,E,57.0,ILE,A,Q99759,57.0,I,I,E,R,C
20,20,20,58.0,A,I,E,58.0,ILE,A,Q99759,58.0,I,I,E,P,C
21,21,21,59.0,A,A,E,59.0,ALA,A,Q99759,59.0,A,A,E,V,C
22,22,22,60.0,A,F,E,60.0,PHE,A,Q99759,60.0,F,F,E,K,C
23,23,23,61.0,A,S,C,61.0,SER,A,Q99759,61.0,S,S,C,Y,H
24,24,24,62.0,A,R,C,62.0,ARG,A,Q99759,62.0,R,R,C,E,H
25,25,25,63.0,A,P,C,63.0,PRO,A,Q99759,63.0,P,P,C,D,H
26,26,26,64.0,A,V,C,64.0,VAL,A,Q99759,64.0,V,V,C,V,H
27,27,27,65.0,A,K,C,65.0,LYS,A,Q99759,65.0,K,K,C,E,H
28,28,28,66.0,A,Y,H,66.0,TYR,A,Q99759,66.0,Y,Y,H,H,H
29,29,29,67.0,A,E,H,67.0,GLU,A,Q99759,67.0,E,E,H,K,H
30,30,30,68.0,A,D,H,68.0,ASP,A,Q99759,68.0,D,D,H,V,H
31,31,31,69.0,A,V,H,69.0,VAL,A,Q99759,69.0,V,V,H,T,H
32,32,32,70.0,A,E,H,70.0,GLU,A,Q99759,70.0,E,E,H,T,H
33,33,33,71.0,A,H,H,71.0,HIS,A,Q99759,71.0,H,H,H,V,H
34,34,34,72.0,A,K,H,72.0,LYS,A,Q99759,72.0,K,K,H,F,H
35,35,35,73.0,A,V,H,73.0,VAL,A,Q99759,73.0,V,V,H,G,C
36,36,36,74.0,A,T,H,74.0,THR,A,Q99759,74.0,T,T,H,Q,C
37,37,37,75.0,A,T,H,75.0,THR,A,Q99759,75.0,T,T,H,P,C
38,38,38,76.0,A,V,H,76.0,VAL,A,Q99759,76.0,V,V,H,L,C
39,39,39,77.0,A,F,H,77.0,PHE,A,Q99759,77.0,F,F,H,D,E
40,40,40,78.0,A,G,C,78.0,GLY,A,Q99759,78.0,G,G,C,L,E
41,41,41,79.0,A,Q,C,79.0,GLN,A,Q99759,79.0,Q,Q,C,H,E
42,42,42,80.0,A,P,C,80.0,PRO,A,Q99759,80.0,P,P,C,Y,E
43,43,43,81.0,A,L,C,81.0,LEU,A,Q99759,81.0,L,L,C,M,E
44,44,44,82.0,A,D,E,82.0,ASP,A,Q99759,82.0,D,D,E,N,C
45,45,45,83.0,A,L,E,83.0,LEU,A,Q99759,83.0,L,L,E,N,C
46,46,46,84.0,A,H,E,84.0,HIS,A,Q99759,84.0,H,H,E,E,C
47,47,47,85.0,A,Y,E,85.0,TYR,A,Q99759,85.0,Y,Y,E,L,C
48,48,48,86.0,A,X,E,86.0,MSE,A,Q99759,86.0,M,M,E,S,E
49,49,49,87.0,A,N,C,87.0,ASN,A,Q99759,87.0,N,N,E,I,E
50,50,50,88.0,A,N,C,88.0,ASN,A,Q99759,88.0,N,N,C,L,E
51,51,51,89.0,A,E,C,89.0,GLU,A,Q99759,89.0,E,E,C,L,C
52,52,52,90.0,A,L,C,90.0,LEU,A,Q99759,90.0,L,L,E,K,C
53,53,53,91.0,A,S,E,91.0,SER,A,Q99759,91.0,S,S,E,N,C
54,54,54,92.0,A,I,E,92.0,ILE,A,Q99759,92.0,I,I,E,Q,H
55,55,55,93.0,A,L,E,93.0,LEU,A,Q99759,93.0,L,L,E,D,H
56,56,56,94.0,A,L,C,94.0,LEU,A,Q99759,94.0,L,L,E,D,H
57,57,57,95.0,A,K,C,95.0,LYS,A,Q99759,95.0,K,K,C,L,H
58,58,58,96.0,A,N,C,96.0,ASN,A,Q99759,96.0,N,N,C,D,H
59,59,59,97.0,A,Q,H,97.0,GLN,A,Q99759,97.0,Q,Q,H,K,H
60,60,60,98.0,A,D,H,98.0,ASP,A,Q99759,98.0,D,D,H,A,H
61,61,61,99.0,A,D,H,99.0,ASP,A,Q99759,99.0,D,D,H,I,H
62,62,62,100.0,A,L,H,100.0,LEU,A,Q99759,100.0,L,L,H,D,H
63,63,63,101.0,A,D,H,101.0,ASP,A,Q99759,101.0,D,D,H,I,H
64,64,64,102.0,A,K,H,102.0,LYS,A,Q99759,102.0,K,K,H,L,H
65,65,65,103.0,A,A,H,103.0,ALA,A,Q99759,103.0,A,A,H,D,H
66,66,66,104.0,A,I,H,104.0,ILE,A,Q99759,104.0,I,I,H,R,H
67,67,67,105.0,A,D,H,105.0,ASP,A,Q99759,105.0,D,D,H,S,C
68,68,68,106.0,A,I,H,106.0,ILE,A,Q99759,106.0,I,I,H,S,C
69,69,69,107.0,A,L,H,107.0,LEU,A,Q99759,107.0,L,L,H,S,C
70,70,70,108.0,A,D,H,108.0,ASP,A,Q99759,108.0,D,D,H,M,C
71,71,71,109.0,A,R,H,109.0,ARG,A,Q99759,109.0,R,R,C,K,C
72,72,72,110.0,A,S,C,110.0,SER,A,Q99759,110.0,S,S,C,S,C
73,73,73,111.0,A,S,C,111.0,SER,A,Q99759,111.0,S,S,C,L,E
74,74,74,112.0,A,S,C,112.0,SER,A,Q99759,112.0,S,S,C,R,E
75,75,75,113.0,A,X,C,113.0,MSE,A,Q99759,113.0,M,M,C,I,E
76,76,76,114.0,A,K,C,114.0,LYS,A,Q99759,114.0,K,K,C,L,E
77,77,77,115.0,A,S,C,115.0,SER,A,Q99759,115.0,S,S,C,L,E
78,78,78,116.0,A,L,E,116.0,LEU,A,Q99759,116.0,L,L,E,L,E
79,79,79,117.0,A,R,E,117.0,ARG,A,Q99759,117.0,R,R,E,S,C
80,80,80,118.0,A,I,E,118.0,ILE,A,Q99759,118.0,I,I,E,,
81,81,81,119.0,A,L,E,119.0,LEU,A,Q99759,119.0,L,L,E,,
82,82,82,120.0,A,L,E,120.0,LEU,A,Q99759,120.0,L,L,E,,
83,83,83,121.0,A,L,E,121.0,LEU,A,Q99759,121.0,L,L,E,,
84,84,84,122.0,A,S,C,122.0,SER,A,Q99759,122.0,S,S,C,,
