,Unnamed: 0,Unnamed: 0.1,Unnamed: 0.1.1,RES,CHAIN,AA,SS_CLASS,PDB_dbResNum,PDB_dbResName,PDB_dbChainId,UniProt_dbAccessionId,UniProt_dbResNum,UniProt_dbResName,shifted Uni,AF_predictions,Jpred_seq,Jpred_SS_pred,JP_Confidence
0,0,0,0,8.0,A,K,C,8.0,LYS,A,P09651,8.0,K,K,C,K,C,9.0
1,1,1,1,9.0,A,E,C,9.0,GLU,A,P09651,9.0,E,E,C,E,C,9.0
2,2,2,2,10.0,A,P,C,10.0,PRO,A,P09651,10.0,P,P,C,P,C,8.0
3,3,3,3,11.0,A,E,C,11.0,GLU,A,P09651,11.0,E,E,C,E,C,8.0
4,4,4,4,12.0,A,Q,C,12.0,GLN,A,P09651,12.0,Q,Q,C,Q,C,8.0
5,5,5,5,13.0,A,L,C,13.0,LEU,A,P09651,13.0,L,L,C,L,C,7.0
6,6,6,6,14.0,A,R,C,14.0,ARG,A,P09651,14.0,R,R,C,R,C,5.0
7,7,7,7,15.0,A,K,E,15.0,LYS,A,P09651,15.0,K,K,E,K,E,1.0
8,8,8,8,16.0,A,L,E,16.0,LEU,A,P09651,16.0,L,L,E,L,E,6.0
9,9,9,9,17.0,A,F,E,17.0,PHE,A,P09651,17.0,F,F,E,F,E,8.0
10,10,10,10,18.0,A,I,E,18.0,ILE,A,P09651,18.0,I,I,E,I,E,7.0
11,11,11,11,19.0,A,G,E,19.0,GLY,A,P09651,19.0,G,G,E,G,E,4.0
12,12,12,12,20.0,A,G,C,20.0,GLY,A,P09651,20.0,G,G,C,G,C,4.0
13,13,13,13,21.0,A,L,C,21.0,LEU,A,P09651,21.0,L,L,C,L,C,7.0
14,14,14,14,22.0,A,S,C,22.0,SER,A,P09651,22.0,S,S,C,S,C,8.0
15,15,15,15,23.0,A,F,C,23.0,PHE,A,P09651,23.0,F,F,C,F,C,8.0
16,16,16,16,24.0,A,E,C,24.0,GLU,A,P09651,24.0,E,E,C,E,C,7.0
17,17,17,17,25.0,A,T,C,25.0,THR,A,P09651,25.0,T,T,C,T,C,6.0
18,18,18,18,26.0,A,T,C,26.0,THR,A,P09651,26.0,T,T,C,T,C,2.0
19,19,19,19,27.0,A,D,H,27.0,ASP,A,P09651,27.0,D,D,H,D,H,6.0
20,20,20,20,28.0,A,E,H,28.0,GLU,A,P09651,28.0,E,E,H,E,H,8.0
21,21,21,21,29.0,A,S,H,29.0,SER,A,P09651,29.0,S,S,H,S,H,9.0
22,22,22,22,30.0,A,L,H,30.0,LEU,A,P09651,30.0,L,L,H,L,H,9.0
23,23,23,23,31.0,A,R,H,31.0,ARG,A,P09651,31.0,R,R,H,R,H,9.0
24,24,24,24,32.0,A,S,H,32.0,SER,A,P09651,32.0,S,S,H,S,H,8.0
25,25,25,25,33.0,A,H,H,33.0,HIS,A,P09651,33.0,H,H,H,H,H,8.0
26,26,26,26,34.0,A,F,H,34.0,PHE,A,P09651,34.0,F,F,H,F,H,6.0
27,27,27,27,35.0,A,E,C,35.0,GLU,A,P09651,35.0,E,E,C,E,C,1.0
28,28,28,28,36.0,A,Q,C,36.0,GLN,A,P09651,36.0,Q,Q,C,Q,C,4.0
29,29,29,29,37.0,A,W,C,37.0,TRP,A,P09651,37.0,W,W,C,W,C,7.0
30,30,30,30,38.0,A,G,C,38.0,GLY,A,P09651,38.0,G,G,C,G,C,8.0
31,31,31,31,39.0,A,T,C,39.0,THR,A,P09651,39.0,T,T,C,T,C,6.0
32,32,32,32,40.0,A,L,E,40.0,LEU,A,P09651,40.0,L,L,C,L,E,3.0
33,33,33,33,41.0,A,T,E,41.0,THR,A,P09651,41.0,T,T,C,T,E,6.0
34,34,34,34,42.0,A,D,E,42.0,ASP,A,P09651,42.0,D,D,E,D,E,8.0
35,35,35,35,43.0,A,C,E,43.0,CYS,A,P09651,43.0,C,C,E,C,E,9.0
36,36,36,36,44.0,A,V,E,44.0,VAL,A,P09651,44.0,V,V,E,V,E,9.0
37,37,37,37,45.0,A,V,E,45.0,VAL,A,P09651,45.0,V,V,E,V,E,8.0
38,38,38,38,46.0,A,M,E,46.0,MET,A,P09651,46.0,M,M,E,M,E,8.0
39,39,39,39,47.0,A,R,E,47.0,ARG,A,P09651,47.0,R,R,E,R,E,1.0
40,40,40,40,48.0,A,D,C,48.0,ASP,A,P09651,48.0,D,D,C,D,C,3.0
41,41,41,41,49.0,A,P,C,49.0,PRO,A,P09651,49.0,P,P,C,P,C,6.0
42,42,42,42,50.0,A,N,C,50.0,ASN,A,P09651,50.0,N,N,C,N,C,7.0
43,43,43,43,51.0,A,T,C,51.0,THR,A,P09651,51.0,T,T,C,T,C,7.0
44,44,44,44,52.0,A,K,C,52.0,LYS,A,P09651,52.0,K,K,C,K,C,7.0
45,45,45,45,53.0,A,R,C,53.0,ARG,A,P09651,53.0,R,R,C,R,C,7.0
46,46,46,46,54.0,A,S,E,54.0,SER,A,P09651,54.0,S,S,E,S,C,7.0
47,47,47,47,55.0,A,R,E,55.0,ARG,A,P09651,55.0,R,R,E,R,C,7.0
48,48,48,48,56.0,A,G,E,56.0,GLY,A,P09651,56.0,G,G,E,G,C,6.0
49,49,49,49,57.0,A,F,E,57.0,PHE,A,P09651,57.0,F,F,E,F,E,0.0
50,50,50,50,58.0,A,G,E,58.0,GLY,A,P09651,58.0,G,G,E,G,E,6.0
51,51,51,51,59.0,A,F,E,59.0,PHE,A,P09651,59.0,F,F,E,F,E,7.0
52,52,52,52,60.0,A,V,E,60.0,VAL,A,P09651,60.0,V,V,E,V,E,8.0
53,53,53,53,61.0,A,T,E,61.0,THR,A,P09651,61.0,T,T,E,T,E,7.0
54,54,54,54,62.0,A,Y,E,62.0,TYR,A,P09651,62.0,Y,Y,C,Y,E,3.0
55,55,55,55,63.0,A,A,C,63.0,ALA,A,P09651,63.0,A,A,C,A,C,5.0
56,56,56,56,64.0,A,T,C,64.0,THR,A,P09651,64.0,T,T,C,T,C,7.0
57,57,57,57,65.0,A,V,H,65.0,VAL,A,P09651,65.0,V,V,H,V,H,5.0
58,58,58,58,66.0,A,E,H,66.0,GLU,A,P09651,66.0,E,E,H,E,H,8.0
59,59,59,59,67.0,A,E,H,67.0,GLU,A,P09651,67.0,E,E,H,E,H,8.0
60,60,60,60,68.0,A,V,H,68.0,VAL,A,P09651,68.0,V,V,H,V,H,9.0
61,61,61,61,69.0,A,D,H,69.0,ASP,A,P09651,69.0,D,D,H,D,H,9.0
62,62,62,62,70.0,A,A,H,70.0,ALA,A,P09651,70.0,A,A,H,A,H,8.0
63,63,63,63,71.0,A,A,H,71.0,ALA,A,P09651,71.0,A,A,H,A,H,8.0
64,64,64,64,72.0,A,M,H,72.0,MET,A,P09651,72.0,M,M,H,M,H,7.0
65,65,65,65,73.0,A,N,H,73.0,ASN,A,P09651,73.0,N,N,H,N,H,5.0
66,66,66,66,74.0,A,A,C,74.0,ALA,A,P09651,74.0,A,A,C,A,H,1.0
67,67,67,67,75.0,A,R,C,75.0,ARG,A,P09651,75.0,R,R,C,R,C,7.0
68,68,68,68,76.0,A,P,C,76.0,PRO,A,P09651,76.0,P,P,C,P,C,8.0
69,69,69,69,77.0,A,H,C,77.0,HIS,A,P09651,77.0,H,H,C,H,C,5.0
70,70,70,70,78.0,A,K,E,78.0,LYS,A,P09651,78.0,K,K,E,K,C,0.0
71,71,71,71,79.0,A,V,E,79.0,VAL,A,P09651,79.0,V,V,E,V,C,2.0
72,72,72,72,80.0,A,D,C,80.0,ASP,A,P09651,80.0,D,D,C,D,C,5.0
73,73,73,73,81.0,A,G,C,81.0,GLY,A,P09651,81.0,G,G,C,G,C,4.0
74,74,74,74,82.0,A,R,E,82.0,ARG,A,P09651,82.0,R,R,E,R,E,0.0
75,75,75,75,83.0,A,V,E,83.0,VAL,A,P09651,83.0,V,V,E,V,E,8.0
76,76,76,76,84.0,A,V,C,84.0,VAL,A,P09651,84.0,V,V,C,V,E,9.0
77,77,77,77,85.0,A,E,E,85.0,GLU,A,P09651,85.0,E,E,E,E,E,9.0
78,78,78,78,86.0,A,P,E,86.0,PRO,A,P09651,86.0,P,P,E,P,E,8.0
79,79,79,79,87.0,A,K,E,87.0,LYS,A,P09651,87.0,K,K,E,K,E,7.0
80,80,80,80,88.0,A,R,E,88.0,ARG,A,P09651,88.0,R,R,E,R,E,1.0
81,81,81,81,89.0,A,A,C,89.0,ALA,A,P09651,89.0,A,A,C,A,C,2.0
82,82,82,82,90.0,A,V,C,90.0,VAL,A,P09651,90.0,V,V,C,V,C,9.0
83,83,83,83,91.0,A,S,C,91.0,SER,A,P09651,91.0,S,S,C,S,C,9.0
84,84,84,84,103.0,A,T,C,103.0,THR,A,P09651,103.0,T,T,C,,,
85,85,85,85,104.0,A,V,C,104.0,VAL,A,P09651,104.0,V,V,C,,,
86,86,86,86,105.0,A,K,C,105.0,LYS,A,P09651,105.0,K,K,C,,,
87,87,87,87,106.0,A,K,E,106.0,LYS,A,P09651,106.0,K,K,E,,,
88,88,88,88,107.0,A,I,E,107.0,ILE,A,P09651,107.0,I,I,E,,,
89,89,89,89,108.0,A,F,E,108.0,PHE,A,P09651,108.0,F,F,E,,,
90,90,90,90,109.0,A,V,E,109.0,VAL,A,P09651,109.0,V,V,E,,,
91,91,91,91,110.0,A,G,E,110.0,GLY,A,P09651,110.0,G,G,E,,,
92,92,92,92,111.0,A,G,C,111.0,GLY,A,P09651,111.0,G,G,C,,,
93,93,93,93,112.0,A,I,C,112.0,ILE,A,P09651,112.0,I,I,C,,,
94,94,94,94,113.0,A,K,C,113.0,LYS,A,P09651,113.0,K,K,C,,,
95,95,95,95,114.0,A,E,C,114.0,GLU,A,P09651,114.0,E,E,C,,,
96,96,96,96,115.0,A,D,C,115.0,ASP,A,P09651,115.0,D,D,C,,,
97,97,97,97,116.0,A,T,C,116.0,THR,A,P09651,116.0,T,T,C,,,
98,98,98,98,117.0,A,E,C,117.0,GLU,A,P09651,117.0,E,E,C,,,
99,99,99,99,118.0,A,E,H,118.0,GLU,A,P09651,118.0,E,E,H,,,
100,100,100,100,119.0,A,H,H,119.0,HIS,A,P09651,119.0,H,H,H,,,
101,101,101,101,120.0,A,H,H,120.0,HIS,A,P09651,120.0,H,H,H,,,
102,102,102,102,121.0,A,L,H,121.0,LEU,A,P09651,121.0,L,L,H,,,
103,103,103,103,122.0,A,R,H,122.0,ARG,A,P09651,122.0,R,R,H,,,
104,104,104,104,123.0,A,D,H,123.0,ASP,A,P09651,123.0,D,D,H,,,
105,105,105,105,124.0,A,Y,H,124.0,TYR,A,P09651,124.0,Y,Y,H,,,
106,106,106,106,125.0,A,F,H,125.0,PHE,A,P09651,125.0,F,F,H,,,
107,107,107,107,126.0,A,E,C,126.0,GLU,A,P09651,126.0,E,E,C,,,
108,108,108,108,127.0,A,Q,C,127.0,GLN,A,P09651,127.0,Q,Q,C,,,
109,109,109,109,128.0,A,Y,C,128.0,TYR,A,P09651,128.0,Y,Y,C,,,
110,110,110,110,129.0,A,G,C,129.0,GLY,A,P09651,129.0,G,G,C,,,
111,111,111,111,130.0,A,K,C,130.0,LYS,A,P09651,130.0,K,K,C,,,
112,112,112,112,131.0,A,I,E,131.0,ILE,A,P09651,131.0,I,I,E,,,
113,113,113,113,132.0,A,E,E,132.0,GLU,A,P09651,132.0,E,E,E,,,
114,114,114,114,133.0,A,V,E,133.0,VAL,A,P09651,133.0,V,V,E,,,
115,115,115,115,134.0,A,I,E,134.0,ILE,A,P09651,134.0,I,I,E,,,
116,116,116,116,135.0,A,E,E,135.0,GLU,A,P09651,135.0,E,E,E,,,
117,117,117,117,136.0,A,I,E,136.0,ILE,A,P09651,136.0,I,I,E,,,
118,118,118,118,137.0,A,M,E,137.0,MET,A,P09651,137.0,M,M,E,,,
119,119,119,119,138.0,A,T,E,138.0,THR,A,P09651,138.0,T,T,E,,,
120,120,120,120,139.0,A,D,C,139.0,ASP,A,P09651,139.0,D,D,C,,,
121,121,121,121,140.0,A,R,C,140.0,ARG,A,P09651,140.0,R,R,C,,,
122,122,122,122,141.0,A,G,C,141.0,GLY,A,P09651,141.0,G,G,C,,,
123,123,123,123,142.0,A,S,C,142.0,SER,A,P09651,142.0,S,S,C,,,
124,124,124,124,143.0,A,G,C,143.0,GLY,A,P09651,143.0,G,G,C,,,
125,125,125,125,144.0,A,K,C,144.0,LYS,A,P09651,144.0,K,K,C,,,
126,126,126,126,145.0,A,K,E,145.0,LYS,A,P09651,145.0,K,K,E,,,
127,127,127,127,146.0,A,R,E,146.0,ARG,A,P09651,146.0,R,R,E,,,
128,128,128,128,147.0,A,G,E,147.0,GLY,A,P09651,147.0,G,G,E,,,
129,129,129,129,148.0,A,F,E,148.0,PHE,A,P09651,148.0,F,F,E,,,
130,130,130,130,149.0,A,A,E,149.0,ALA,A,P09651,149.0,A,A,E,,,
131,131,131,131,150.0,A,F,E,150.0,PHE,A,P09651,150.0,F,F,E,,,
132,132,132,132,151.0,A,V,E,151.0,VAL,A,P09651,151.0,V,V,E,,,
133,133,133,133,152.0,A,T,E,152.0,THR,A,P09651,152.0,T,T,E,,,
134,134,134,134,153.0,A,F,E,153.0,PHE,A,P09651,153.0,F,F,E,,,
135,135,135,135,154.0,A,D,C,154.0,ASP,A,P09651,154.0,D,D,C,,,
136,136,136,136,155.0,A,D,C,155.0,ASP,A,P09651,155.0,D,D,C,,,
137,137,137,137,156.0,A,H,H,156.0,HIS,A,P09651,156.0,H,H,H,,,
138,138,138,138,157.0,A,D,H,157.0,ASP,A,P09651,157.0,D,D,H,,,
139,139,139,139,158.0,A,S,H,158.0,SER,A,P09651,158.0,S,S,H,,,
140,140,140,140,159.0,A,V,H,159.0,VAL,A,P09651,159.0,V,V,H,,,
141,141,141,141,160.0,A,D,H,160.0,ASP,A,P09651,160.0,D,D,H,,,
142,142,142,142,161.0,A,K,H,161.0,LYS,A,P09651,161.0,K,K,H,,,
143,143,143,143,162.0,A,I,H,162.0,ILE,A,P09651,162.0,I,I,H,,,
144,144,144,144,163.0,A,V,H,163.0,VAL,A,P09651,163.0,V,V,H,,,
145,145,145,145,164.0,A,I,H,164.0,ILE,A,P09651,164.0,I,I,H,,,
146,146,146,146,165.0,A,Q,C,165.0,GLN,A,P09651,165.0,Q,Q,C,,,
147,147,147,147,166.0,A,K,C,166.0,LYS,A,P09651,166.0,K,K,C,,,
148,148,148,148,167.0,A,Y,C,167.0,TYR,A,P09651,167.0,Y,Y,E,,,
149,149,149,149,168.0,A,H,C,168.0,HIS,A,P09651,168.0,H,H,E,,,
150,150,150,150,169.0,A,T,E,169.0,THR,A,P09651,169.0,T,T,E,,,
151,151,151,151,170.0,A,V,E,170.0,VAL,A,P09651,170.0,V,V,E,,,
152,152,152,152,171.0,A,N,C,171.0,ASN,A,P09651,171.0,N,N,C,,,
153,153,153,153,172.0,A,G,C,172.0,GLY,A,P09651,172.0,G,G,C,,,
154,154,154,154,173.0,A,H,E,173.0,HIS,A,P09651,173.0,H,H,E,,,
155,155,155,155,174.0,A,N,E,174.0,ASN,A,P09651,174.0,N,N,E,,,
156,156,156,156,175.0,A,C,C,175.0,CYS,A,P09651,175.0,C,C,E,,,
157,157,157,157,176.0,A,E,E,176.0,GLU,A,P09651,176.0,E,E,E,,,
158,158,158,158,177.0,A,V,E,177.0,VAL,A,P09651,177.0,V,V,E,,,
159,159,159,159,178.0,A,R,E,178.0,ARG,A,P09651,178.0,R,R,E,,,
160,160,160,160,179.0,A,K,E,179.0,LYS,A,P09651,179.0,K,K,E,,,
161,161,161,161,180.0,A,A,C,180.0,ALA,A,P09651,180.0,A,A,C,,,
162,162,162,162,181.0,A,L,C,181.0,LEU,A,P09651,181.0,L,L,C,,,
