,Unnamed: 0.3,Unnamed: 0.2,Unnamed: 0.1,Unnamed: 0,RES,CHAIN,AA,SS_CLASS,PDB_dbResNum,PDB_dbResName,PDB_dbChainId,UniProt_dbAccessionId,UniProt_dbResNum,UniProt_dbResName,shifted Uni,AF_predictions,AF_confidence,Jpred_seq,Jpred_SS_pred,JP_Confidence
0,0,0,4,4,349.0,A,S,C,349.0,SER,A,Q9ESU6,349.0,S,S,C,87.71,S,C,9.0
1,1,1,5,5,350.0,A,K,C,350.0,LYS,A,Q9ESU6,350.0,K,K,C,87.71,K,C,9.0
2,2,2,6,6,351.0,A,I,C,351.0,ILE,A,Q9ESU6,351.0,I,I,C,90.07,I,C,9.0
3,3,3,7,7,352.0,A,S,C,352.0,SER,A,Q9ESU6,352.0,S,S,C,90.07,S,H,8.0
4,4,4,8,8,353.0,A,E,H,353.0,GLU,A,Q9ESU6,353.0,E,E,H,90.07,E,H,7.0
5,5,5,9,9,354.0,A,Q,H,354.0,GLN,A,Q9ESU6,354.0,Q,Q,H,90.07,Q,H,6.0
6,6,6,10,10,355.0,A,L,H,355.0,LEU,A,Q9ESU6,355.0,L,L,H,90.07,L,H,2.0
7,7,7,11,11,356.0,A,K,H,356.0,LYS,A,Q9ESU6,356.0,K,K,H,90.07,K,H,7.0
8,8,8,12,12,357.0,A,C,H,357.0,CYS,A,Q9ESU6,357.0,C,C,H,90.07,C,H,8.0
9,9,9,13,13,358.0,A,C,H,358.0,CYS,A,Q9ESU6,358.0,C,C,H,85.77,C,H,9.0
10,10,10,14,14,359.0,A,S,H,359.0,SER,A,Q9ESU6,359.0,S,S,H,85.77,S,H,9.0
11,11,11,15,15,360.0,A,G,H,360.0,GLY,A,Q9ESU6,360.0,G,G,H,85.77,G,H,9.0
12,12,12,16,16,361.0,A,I,H,361.0,ILE,A,Q9ESU6,361.0,I,I,H,85.77,I,H,9.0
13,13,13,17,17,362.0,A,L,H,362.0,LEU,A,Q9ESU6,362.0,L,L,H,85.77,L,H,9.0
14,14,14,18,18,363.0,A,K,H,363.0,LYS,A,Q9ESU6,363.0,K,K,H,85.77,K,H,9.0
15,15,15,19,19,364.0,A,E,H,364.0,GLU,A,Q9ESU6,364.0,E,E,H,80.71,E,H,9.0
16,16,16,20,20,365.0,A,M,H,365.0,MET,A,Q9ESU6,365.0,M,M,H,80.71,M,H,9.0
17,17,17,21,21,366.0,A,F,C,366.0,PHE,A,Q9ESU6,366.0,F,F,C,80.71,F,H,9.0
18,18,18,22,22,367.0,A,A,C,367.0,ALA,A,Q9ESU6,367.0,A,A,C,80.71,A,H,9.0
19,19,19,23,23,368.0,A,K,C,368.0,LYS,A,Q9ESU6,368.0,K,K,C,80.71,K,C,9.0
20,20,20,24,24,369.0,A,K,C,369.0,LYS,A,Q9ESU6,369.0,K,K,C,80.71,K,C,8.0
21,21,21,25,25,370.0,A,H,C,370.0,HIS,A,Q9ESU6,370.0,H,H,C,80.71,H,C,6.0
22,22,22,26,26,371.0,A,A,H,371.0,ALA,A,Q9ESU6,371.0,A,A,H,80.71,A,C,2.0
23,23,23,27,27,372.0,A,A,H,372.0,ALA,A,Q9ESU6,372.0,A,A,H,77.5,A,C,4.0
24,24,24,28,28,373.0,A,Y,H,373.0,TYR,A,Q9ESU6,373.0,Y,Y,H,77.5,Y,C,7.0
25,25,25,29,29,374.0,A,A,H,374.0,ALA,A,Q9ESU6,374.0,A,A,H,77.5,A,C,7.0
26,26,26,30,30,375.0,A,W,C,375.0,TRP,A,Q9ESU6,375.0,W,W,C,77.5,W,C,7.0
27,27,27,31,31,376.0,A,P,C,376.0,PRO,A,Q9ESU6,376.0,P,P,C,77.5,P,C,7.0
28,28,28,32,32,377.0,A,F,C,377.0,PHE,A,Q9ESU6,377.0,F,F,C,77.5,F,C,7.0
29,29,29,33,33,378.0,A,Y,C,378.0,TYR,A,Q9ESU6,378.0,Y,Y,C,77.5,Y,C,6.0
30,30,30,34,34,379.0,A,K,C,379.0,LYS,A,Q9ESU6,379.0,K,K,C,75.45,K,C,6.0
31,31,31,35,35,380.0,A,P,C,380.0,PRO,A,Q9ESU6,380.0,P,P,C,75.45,P,C,3.0
32,32,32,36,36,381.0,A,V,C,381.0,VAL,A,Q9ESU6,381.0,V,V,C,75.45,V,C,0.0
33,33,33,37,37,382.0,A,D,C,382.0,ASP,A,Q9ESU6,382.0,D,D,C,75.45,D,C,1.0
34,34,34,38,38,383.0,A,V,H,383.0,VAL,A,Q9ESU6,383.0,V,V,C,75.45,V,C,4.0
35,35,35,39,39,384.0,A,E,H,384.0,GLU,A,Q9ESU6,384.0,E,E,C,75.45,E,C,6.0
36,36,36,40,40,385.0,A,A,H,385.0,ALA,A,Q9ESU6,385.0,A,A,C,75.45,A,C,7.0
37,37,37,41,41,386.0,A,L,H,386.0,LEU,A,Q9ESU6,386.0,L,L,C,75.45,L,C,7.0
38,38,38,42,42,387.0,A,G,C,387.0,GLY,A,Q9ESU6,387.0,G,G,C,76.35,G,C,7.0
39,39,39,43,43,388.0,A,L,C,388.0,LEU,A,Q9ESU6,388.0,L,L,C,76.35,L,C,7.0
40,40,40,44,44,389.0,A,H,C,389.0,HIS,A,Q9ESU6,389.0,H,H,C,76.35,H,C,7.0
41,41,41,45,45,390.0,A,D,C,390.0,ASP,A,Q9ESU6,390.0,D,D,C,76.35,D,C,7.0
42,42,42,46,46,391.0,A,Y,H,391.0,TYR,A,Q9ESU6,391.0,Y,Y,H,76.35,Y,C,7.0
43,43,43,47,47,392.0,A,C,H,392.0,CYS,A,Q9ESU6,392.0,C,C,H,76.35,C,C,7.0
44,44,44,48,48,393.0,A,D,H,393.0,ASP,A,Q9ESU6,393.0,D,D,H,76.35,D,H,7.0
45,45,45,49,49,394.0,A,I,H,394.0,ILE,A,Q9ESU6,394.0,I,I,H,76.35,I,H,7.0
46,46,46,50,50,395.0,A,I,C,395.0,ILE,A,Q9ESU6,395.0,I,I,C,76.35,I,C,2.0
47,47,47,51,51,396.0,A,K,C,396.0,LYS,A,Q9ESU6,396.0,K,K,C,76.88,K,C,1.0
48,48,48,52,52,397.0,A,H,C,397.0,HIS,A,Q9ESU6,397.0,H,H,C,76.88,H,C,0.0
49,49,49,53,53,398.0,A,P,C,398.0,PRO,A,Q9ESU6,398.0,P,P,C,76.88,P,C,0.0
50,50,50,54,54,399.0,A,M,C,399.0,MET,A,Q9ESU6,399.0,M,M,C,76.88,M,C,4.0
51,51,51,55,55,400.0,A,D,C,400.0,ASP,A,Q9ESU6,400.0,D,D,C,76.88,D,C,4.0
52,52,52,56,56,401.0,A,M,H,401.0,MET,A,Q9ESU6,401.0,M,M,H,76.88,M,H,6.0
53,53,53,57,57,402.0,A,S,H,402.0,SER,A,Q9ESU6,402.0,S,S,H,76.88,S,H,6.0
54,54,54,58,58,403.0,A,T,H,403.0,THR,A,Q9ESU6,403.0,T,T,H,85.33,T,H,6.0
55,55,55,59,59,404.0,A,I,H,404.0,ILE,A,Q9ESU6,404.0,I,I,H,85.33,I,H,4.0
56,56,56,60,60,405.0,A,K,H,405.0,LYS,A,Q9ESU6,405.0,K,K,H,85.33,K,H,5.0
57,57,57,61,61,406.0,A,S,H,406.0,SER,A,Q9ESU6,406.0,S,S,H,85.33,S,H,7.0
58,58,58,62,62,407.0,A,K,H,407.0,LYS,A,Q9ESU6,407.0,K,K,H,85.33,K,H,8.0
59,59,59,63,63,408.0,A,L,H,408.0,LEU,A,Q9ESU6,408.0,L,L,H,85.33,L,H,8.0
60,60,60,64,64,409.0,A,E,H,409.0,GLU,A,Q9ESU6,409.0,E,E,H,85.33,E,H,8.0
61,61,61,65,65,410.0,A,S,C,410.0,SER,A,Q9ESU6,410.0,S,S,H,85.33,S,C,8.0
62,62,62,66,66,411.0,A,R,C,411.0,ARG,A,Q9ESU6,411.0,R,R,C,85.33,R,C,6.0
63,63,63,67,67,412.0,A,E,C,412.0,GLU,A,Q9ESU6,412.0,E,E,C,86.78,E,C,4.0
64,64,64,68,68,413.0,A,Y,C,413.0,TYR,A,Q9ESU6,413.0,Y,Y,C,86.78,Y,C,2.0
65,65,65,69,69,414.0,A,R,C,414.0,ARG,A,Q9ESU6,414.0,R,R,C,86.78,R,C,3.0
66,66,66,70,70,415.0,A,D,C,415.0,ASP,A,Q9ESU6,415.0,D,D,C,86.78,D,C,6.0
67,67,67,71,71,416.0,A,A,H,416.0,ALA,A,Q9ESU6,416.0,A,A,H,86.78,A,H,8.0
68,68,68,72,72,417.0,A,Q,H,417.0,GLN,A,Q9ESU6,417.0,Q,Q,H,86.78,Q,H,8.0
69,69,69,73,73,418.0,A,E,H,418.0,GLU,A,Q9ESU6,418.0,E,E,H,86.78,E,H,7.0
70,70,70,74,74,419.0,A,F,H,419.0,PHE,A,Q9ESU6,419.0,F,F,H,86.78,F,H,5.0
71,71,71,75,75,420.0,A,G,H,420.0,GLY,A,Q9ESU6,420.0,G,G,H,86.78,G,H,2.0
72,72,72,76,76,421.0,A,A,H,421.0,ALA,A,Q9ESU6,421.0,A,A,H,86.78,A,H,8.0
73,73,73,77,77,422.0,A,D,H,422.0,ASP,A,Q9ESU6,422.0,D,D,H,86.78,D,H,9.0
74,74,74,78,78,423.0,A,V,H,423.0,VAL,A,Q9ESU6,423.0,V,V,H,90.54,V,H,9.0
75,75,75,79,79,424.0,A,R,H,424.0,ARG,A,Q9ESU6,424.0,R,R,H,90.54,R,H,9.0
76,76,76,80,80,425.0,A,L,H,425.0,LEU,A,Q9ESU6,425.0,L,L,H,90.54,L,H,9.0
77,77,77,81,81,426.0,A,M,H,426.0,MET,A,Q9ESU6,426.0,M,M,H,90.54,M,H,9.0
78,78,78,82,82,427.0,A,F,H,427.0,PHE,A,Q9ESU6,427.0,F,F,H,90.54,F,H,9.0
79,79,79,83,83,428.0,A,S,H,428.0,SER,A,Q9ESU6,428.0,S,S,H,90.54,S,H,9.0
80,80,80,84,84,429.0,A,N,H,429.0,ASN,A,Q9ESU6,429.0,N,N,H,90.54,N,H,9.0
81,81,81,85,85,430.0,A,C,H,430.0,CYS,A,Q9ESU6,430.0,C,C,H,90.54,C,H,9.0
82,82,82,86,86,431.0,A,Y,H,431.0,TYR,A,Q9ESU6,431.0,Y,Y,H,90.54,Y,H,9.0
83,83,83,87,87,432.0,A,K,H,432.0,LYS,A,Q9ESU6,432.0,K,K,H,95.46,K,H,8.0
84,84,84,88,88,433.0,A,Y,H,433.0,TYR,A,Q9ESU6,433.0,Y,Y,H,95.46,Y,H,6.0
85,85,85,89,89,434.0,A,N,C,434.0,ASN,A,Q9ESU6,434.0,N,N,C,95.46,N,C,7.0
86,86,86,90,90,435.0,A,P,C,435.0,PRO,A,Q9ESU6,435.0,P,P,C,95.46,P,C,7.0
87,87,87,91,91,436.0,A,P,C,436.0,PRO,A,Q9ESU6,436.0,P,P,C,95.46,P,C,4.0
88,88,88,92,92,437.0,A,D,C,437.0,ASP,A,Q9ESU6,437.0,D,D,C,95.46,D,C,2.0
89,89,89,93,93,438.0,A,H,C,438.0,HIS,A,Q9ESU6,438.0,H,H,C,95.46,H,C,4.0
90,90,90,94,94,439.0,A,E,H,439.0,GLU,A,Q9ESU6,439.0,E,E,H,95.17,E,H,7.0
91,91,91,95,95,440.0,A,V,H,440.0,VAL,A,Q9ESU6,440.0,V,V,H,95.17,V,H,7.0
92,92,92,96,96,441.0,A,V,H,441.0,VAL,A,Q9ESU6,441.0,V,V,H,95.17,V,H,7.0
93,93,93,97,97,442.0,A,A,H,442.0,ALA,A,Q9ESU6,442.0,A,A,H,95.17,A,H,4.0
94,94,94,98,98,443.0,A,M,H,443.0,MET,A,Q9ESU6,443.0,M,M,H,95.17,M,H,6.0
95,95,95,99,99,444.0,A,A,H,444.0,ALA,A,Q9ESU6,444.0,A,A,H,95.17,A,H,8.0
96,96,96,100,100,445.0,A,R,H,445.0,ARG,A,Q9ESU6,445.0,R,R,H,95.17,R,H,9.0
97,97,97,101,101,446.0,A,K,H,446.0,LYS,A,Q9ESU6,446.0,K,K,H,95.17,K,H,9.0
98,98,98,102,102,447.0,A,L,H,447.0,LEU,A,Q9ESU6,447.0,L,L,H,97.45,L,H,9.0
99,99,99,103,103,448.0,A,Q,H,448.0,GLN,A,Q9ESU6,448.0,Q,Q,H,97.45,Q,H,9.0
100,100,100,104,104,449.0,A,D,H,449.0,ASP,A,Q9ESU6,449.0,D,D,H,97.45,D,H,9.0
101,101,101,105,105,450.0,A,V,H,450.0,VAL,A,Q9ESU6,450.0,V,V,H,97.45,V,H,9.0
102,102,102,106,106,451.0,A,F,H,451.0,PHE,A,Q9ESU6,451.0,F,F,H,97.45,F,H,9.0
103,103,103,107,107,452.0,A,E,H,452.0,GLU,A,Q9ESU6,452.0,E,E,H,97.45,E,H,9.0
104,104,104,108,108,453.0,A,M,H,453.0,MET,A,Q9ESU6,453.0,M,M,H,97.45,M,H,9.0
105,105,105,109,109,454.0,A,R,H,454.0,ARG,A,Q9ESU6,454.0,R,R,H,97.45,R,H,9.0
106,106,106,110,110,455.0,A,F,H,455.0,PHE,A,Q9ESU6,455.0,F,F,H,97.45,F,H,9.0
107,107,107,111,111,456.0,A,A,C,456.0,ALA,A,Q9ESU6,456.0,A,A,C,97.4,A,H,9.0
