,Unnamed: 0,RES,CHAIN,AA,SS_CLASS,PDB_dbResNum,PDB_dbResName,PDB_dbChainId,UniProt_dbAccessionId,UniProt_dbResNum,UniProt_dbResName,PDB_codeSecondaryStructure,PDB_nameSecondaryStructure
0,0,5.0,A,I,C,5.0,ILE,A,P13861,6.0,I,T,loop
1,1,6.0,A,P,C,6.0,PRO,A,P13861,7.0,P,T,loop
2,2,7.0,A,P,C,7.0,PRO,A,P13861,8.0,P,T,loop
3,3,8.0,A,G,C,8.0,GLY,A,P13861,9.0,G,H,helix
4,4,9.0,A,L,H,9.0,LEU,A,P13861,10.0,L,H,helix
5,5,10.0,A,T,H,10.0,THR,A,P13861,11.0,T,H,helix
6,6,11.0,A,E,H,11.0,GLU,A,P13861,12.0,E,H,helix
7,7,12.0,A,L,H,12.0,LEU,A,P13861,13.0,L,H,helix
8,8,13.0,A,L,H,13.0,LEU,A,P13861,14.0,L,H,helix
9,9,14.0,A,Q,H,14.0,GLN,A,P13861,15.0,Q,H,helix
10,10,15.0,A,G,H,15.0,GLY,A,P13861,16.0,G,H,helix
11,11,16.0,A,Y,H,16.0,TYR,A,P13861,17.0,Y,H,helix
12,12,17.0,A,T,H,17.0,THR,A,P13861,18.0,T,H,helix
13,13,18.0,A,V,H,18.0,VAL,A,P13861,19.0,V,H,helix
14,14,19.0,A,E,H,19.0,GLU,A,P13861,20.0,E,H,helix
15,15,20.0,A,V,H,20.0,VAL,A,P13861,21.0,V,H,helix
16,16,21.0,A,L,H,21.0,LEU,A,P13861,22.0,L,H,helix
17,17,22.0,A,R,H,22.0,ARG,A,P13861,23.0,R,H,helix
18,18,23.0,A,Q,H,23.0,GLN,A,P13861,24.0,Q,H,helix
19,19,24.0,A,Q,C,24.0,GLN,A,P13861,25.0,Q,H,helix
20,20,25.0,A,P,C,25.0,PRO,A,P13861,26.0,P,T,loop
21,21,26.0,A,P,C,26.0,PRO,A,P13861,27.0,P,T,loop
22,22,27.0,A,D,C,27.0,ASP,A,P13861,28.0,D,H,helix
23,23,28.0,A,L,H,28.0,LEU,A,P13861,29.0,L,H,helix
24,24,29.0,A,V,H,29.0,VAL,A,P13861,30.0,V,H,helix
25,25,30.0,A,E,H,30.0,GLU,A,P13861,31.0,E,H,helix
26,26,31.0,A,F,H,31.0,PHE,A,P13861,32.0,F,H,helix
27,27,32.0,A,A,H,32.0,ALA,A,P13861,33.0,A,H,helix
28,28,33.0,A,V,H,33.0,VAL,A,P13861,34.0,V,H,helix
29,29,34.0,A,E,H,34.0,GLU,A,P13861,35.0,E,H,helix
30,30,35.0,A,Y,H,35.0,TYR,A,P13861,36.0,Y,H,helix
31,31,36.0,A,F,H,36.0,PHE,A,P13861,37.0,F,H,helix
32,32,37.0,A,T,H,37.0,THR,A,P13861,38.0,T,H,helix
33,33,38.0,A,R,H,38.0,ARG,A,P13861,39.0,R,H,helix
34,34,39.0,A,L,H,39.0,LEU,A,P13861,40.0,L,H,helix
35,35,40.0,A,R,H,40.0,ARG,A,P13861,41.0,R,H,helix
36,36,41.0,A,E,H,41.0,GLU,A,P13861,42.0,E,H,helix
37,37,42.0,A,A,H,42.0,ALA,A,P13861,43.0,A,H,helix
38,38,43.0,A,R,C,43.0,ARG,A,P13861,44.0,R,H,helix
