,1021
0,-
1,-
2,-
3,-
4,H
5,H
6,H
7,H
8,H
9,H
10,H
11,H
12,H
13,H
14,-
15,-
16,-
17,-
18,-
19,-
20,H
21,H
22,H
23,H
24,H
25,H
26,H
27,H
28,H
29,H
30,H
31,H
32,H
33,H
34,-
35,-
36,-
37,-
38,-
39,-
40,-
41,-
42,H
43,H
44,H
45,H
46,H
47,H
48,H
49,H
50,H
51,H
52,H
53,H
54,H
55,-
56,-
57,-
58,-
59,E
60,E
61,E
62,E
63,E
64,E
65,-
66,-
67,H
68,H
69,H
70,H
71,H
72,H
73,H
74,H
75,H
76,H
77,-
78,-
79,-
80,-
81,-
82,-
83,E
84,E
85,E
86,E
87,E
88,E
89,-
90,-
91,H
92,H
93,H
94,H
95,H
96,H
97,H
98,H
99,H
100,H
101,H
102,H
103,H
104,-
105,-
106,-
107,-
108,-
109,-
110,E
111,E
112,E
113,E
114,E
115,-
116,-
117,-
118,-
119,-
120,-
121,H
122,H
123,H
124,H
125,-
126,-
127,-
128,-
129,-
130,-
131,-
132,-
133,E
134,E
135,E
136,E
137,E
138,-
139,-
140,-
141,-
142,-
143,-
144,-
145,-
146,-
147,-
148,-
149,H
150,H
151,H
152,H
153,H
154,H
155,H
156,-
157,-
158,-
159,-
160,-
161,-
162,-
163,E
164,E
165,E
166,E
167,E
168,-
169,-
170,-
171,-
172,-
173,-
174,-
175,H
176,H
177,H
178,H
179,H
180,H
181,H
182,H
183,H
184,-
185,-
186,H
187,H
188,H
189,H
190,E
191,-
192,-
193,-
194,E
195,E
196,E
197,E
198,E
199,E
200,-
201,-
202,-
203,-
204,-
205,E
206,E
207,E
208,E
209,E
210,E
211,-
212,-
213,-
214,-
215,-
216,-
217,-
218,-
219,
220,
221,
222,
223,
224,
225,
226,
227,
228,
229,
230,
231,
232,
233,
234,
235,
236,
237,
238,
239,
240,
241,
242,
243,
244,
245,
246,
247,
248,
249,
250,
251,
252,
253,
254,
255,
256,
257,
258,
259,
260,
261,
262,
263,
264,
265,
266,
267,
268,
269,
270,
271,
272,
273,
274,
275,
276,
277,
278,
279,
280,
281,
282,
283,
284,
285,
286,
287,
288,
289,
290,
291,
292,
293,
294,
295,
296,
297,
298,
299,
300,
301,
302,
303,
304,
305,
306,
307,
308,
309,
310,
311,
312,
313,
314,
315,
316,
317,
318,
319,
320,
321,
322,
323,
324,
325,
326,
327,
328,
329,
330,
331,
332,
333,
334,
335,
336,
337,
338,
339,
340,
341,
342,
343,
344,
345,
346,
347,
348,
349,
350,
351,
352,
353,
354,
355,
356,
357,
358,
359,
360,
361,
362,
363,
364,
365,
366,
367,
368,
369,
370,
371,
372,
373,
374,
375,
376,
377,
378,
379,
380,
381,
382,
383,
384,
385,
386,
387,
388,
389,
390,
391,
392,
393,
394,
395,
396,
397,
398,
399,
400,
401,
402,
403,
404,
405,
406,
407,
408,
409,
410,
411,
412,
413,
414,
415,
416,
417,
418,
419,
420,
421,
422,
423,
424,
425,
426,
427,
428,
429,
430,
431,
432,
433,
434,
435,
436,
437,
438,
439,
440,
441,
442,
443,
444,
445,
446,
447,
448,
449,
450,
451,
452,
453,
454,
455,
456,
457,
458,
459,
460,
461,
462,
463,
464,
465,
466,
467,
468,
469,
470,
471,
472,
473,
474,
475,
476,
477,
478,
479,
480,
481,
482,
483,
484,
485,
486,
487,
488,
489,
490,
491,
492,
493,
494,
495,
496,
497,
498,
499,
500,
501,
502,
503,
504,
505,
506,
507,
508,
509,
510,
511,
512,
513,
514,
515,
516,
517,
518,
519,
520,
521,
522,
523,
524,
525,
526,
527,
528,
529,
530,
531,
532,
533,
534,
535,
536,
537,
538,
539,
540,
541,
542,
543,
544,
545,
546,
547,
548,
549,
550,
551,
552,
553,
554,
555,
556,
557,
558,
559,
560,
561,
562,
563,
564,
565,
566,
567,
568,
569,
570,
571,
572,
573,
574,
575,
576,
577,
578,
579,
580,
581,
582,
583,
584,
585,
586,
587,
588,
589,
590,
591,
592,
593,
594,
595,
596,
597,
598,
599,
600,
601,
602,
603,
604,
605,
606,
607,
608,
609,
610,
611,
612,
613,
614,
615,
616,
617,
618,
619,
620,
621,
622,
623,
624,
625,
626,
627,
628,
629,
630,
631,
632,
633,
634,
635,
636,
637,
638,
639,
640,
641,
642,
643,
644,
645,
646,
647,
648,
649,
650,
651,
652,
653,
654,
655,
656,
657,
658,
659,
660,
661,
662,
663,
664,
665,
666,
667,
668,
669,
670,
671,
672,
673,
674,
675,
676,
677,
678,
679,
680,
681,
682,
683,
684,
685,
686,
687,
688,
689,
690,
691,
692,
693,
694,
695,
696,
697,
698,
699,
700,
701,
702,
703,
704,
705,
706,
707,
708,
709,
710,
711,
712,
713,
714,
715,
716,
717,
718,
719,
720,
721,
722,
723,
724,
725,
726,
727,
728,
729,
730,
731,
732,
733,
734,
735,
736,
737,
738,
739,
740,
741,
742,
743,
744,
745,
746,
747,
748,
749,
750,
751,
752,
753,
754,
755,
756,
757,
758,
