,B_iso_or_equiv,AA,SS_CLASS
0,49.96,M,C
1,49.96,A,C
2,49.96,R,C
3,49.96,E,C
4,49.96,V,E
5,49.96,K,E
6,49.96,L,E
7,49.96,T,C
8,68.91,K,H
9,68.91,A,H
10,68.91,G,H
11,68.91,Y,H
12,68.91,E,H
13,84.05,R,H
14,84.05,L,H
15,84.05,M,H
16,84.05,Q,H
17,84.05,Q,H
18,84.05,L,H
19,84.05,E,H
20,84.05,R,H
21,84.05,E,H
22,84.05,R,H
23,84.05,E,H
24,93.17,R,H
25,93.17,L,H
26,93.17,Q,H
27,93.17,E,H
28,93.17,A,H
29,93.17,T,H
30,93.17,K,H
31,93.17,I,H
32,93.17,L,H
33,94.2,Q,H
34,94.2,E,H
35,94.2,L,H
36,94.2,M,H
37,94.2,E,H
38,94.2,S,H
39,94.2,S,C
40,94.97,D,C
41,94.97,D,C
42,94.97,Y,C
43,94.97,D,C
44,94.97,D,H
45,94.97,S,H
46,94.97,G,H
47,94.97,L,H
48,94.97,E,H
49,96.07,A,H
50,96.07,A,H
51,96.07,K,H
52,96.07,Q,H
53,96.07,E,H
54,96.07,K,H
55,96.07,A,H
56,96.07,R,H
57,94.39,I,H
58,94.39,E,H
59,94.39,A,H
60,94.39,R,H
61,94.39,I,H
62,94.39,D,H
63,94.39,S,H
64,93.76,L,H
65,93.76,E,H
66,93.76,D,H
67,93.76,I,H
68,93.76,L,H
69,93.76,S,H
70,93.76,R,C
71,93.76,A,E
72,93.76,V,E
73,92.96,I,E
74,92.96,L,C
75,92.96,E,C
76,92.96,E,C
77,92.96,G,C
78,94.97,S,C
79,94.97,G,C
80,94.97,E,C
81,94.97,V,C
82,96.89,I,C
83,96.89,G,C
84,96.89,L,C
85,96.89,G,C
86,96.89,S,C
87,96.89,V,E
88,96.89,V,E
89,96.89,E,E
90,96.89,L,E
91,96.89,E,E
92,96.89,D,C
93,96.89,P,C
94,96.94,L,C
95,96.94,S,C
96,96.94,G,C
97,96.94,E,C
98,96.94,R,E
99,96.94,L,E
100,96.94,S,E
101,96.94,V,E
102,96.94,Q,E
103,96.29,V,E
104,96.29,V,E
105,96.29,S,C
106,96.29,P,C
107,96.29,A,C
108,96.29,E,C
109,96.29,A,C
110,96.29,N,C
111,96.29,V,C
112,96.29,L,C
113,96.29,D,C
114,97.67,T,C
115,97.67,P,C
116,97.67,M,E
117,97.67,K,E
118,97.67,I,E
119,97.67,S,E
120,97.67,D,C
121,97.67,A,C
122,98.12,S,C
123,98.12,P,H
124,98.12,M,H
125,98.12,G,H
126,98.12,K,H
127,98.12,A,H
128,98.12,L,H
129,98.12,L,C
130,98.14,G,C
131,98.14,H,C
132,98.14,R,C
133,98.14,V,C
134,98.14,G,C
135,98.14,D,C
136,98.14,V,E
137,98.14,L,E
138,98.14,S,E
139,97.28,L,E
140,97.28,D,E
141,97.28,T,E
142,97.28,P,C
143,97.28,K,C
144,97.28,G,E
145,97.28,K,E
146,97.28,R,E
147,97.28,E,E
148,98.42,F,E
149,98.42,R,E
150,98.42,V,E
151,98.42,V,E
152,98.42,A,E
153,98.42,I,E
154,98.42,H,E
155,98.42,G,C
