,Unnamed: 0.5,Unnamed: 0.4,Unnamed: 0.3,Unnamed: 0.2,Unnamed: 0.1,Unnamed: 0,RES,CHAIN,AA,SS_CLASS,PDB_dbResNum,PDB_dbResName,PDB_dbChainId,UniProt_dbAccessionId,UniProt_dbResNum,UniProt_dbResName,shifted Uni,AF_predictions,Jpred_seq,Jpred_SS_pred
0,0,0,0,0,374,374,10.0,B,W,C,10.0,TRP,F,P02916,10.0,W,L,C,W,C
1,1,1,1,1,375,375,11.0,B,Q,C,11.0,GLN,F,P02916,11.0,Q,A,C,Q,C
2,2,2,2,2,376,376,12.0,B,S,C,12.0,SER,F,P02916,12.0,S,L,C,S,C
3,3,3,3,3,377,377,13.0,B,D,C,13.0,ASP,F,P02916,13.0,D,S,C,D,C
4,4,4,4,4,378,378,14.0,B,A,H,14.0,ALA,F,P02916,14.0,A,A,C,A,H
5,5,5,5,5,379,379,15.0,B,L,H,15.0,LEU,F,P02916,15.0,L,L,C,L,H
6,6,6,6,6,380,380,16.0,B,K,H,16.0,LYS,F,P02916,16.0,K,T,C,K,H
7,7,7,7,7,381,381,17.0,B,W,H,17.0,TRP,F,P02916,17.0,W,T,C,W,H
8,8,8,8,8,382,382,18.0,B,S,H,18.0,SER,F,P02916,18.0,S,M,C,S,H
9,9,9,9,9,383,383,19.0,B,V,H,19.0,VAL,F,P02916,19.0,V,M,C,V,H
10,10,10,10,10,384,384,20.0,B,L,H,20.0,LEU,F,P02916,20.0,L,F,C,L,H
11,11,11,11,11,385,385,21.0,B,G,H,21.0,GLY,F,P02916,21.0,G,S,C,G,H
12,12,12,12,12,386,386,22.0,B,L,H,22.0,LEU,F,P02916,22.0,L,A,C,L,H
13,13,13,13,13,387,387,23.0,B,L,H,23.0,LEU,F,P02916,23.0,L,S,C,L,H
14,14,14,14,14,388,388,24.0,B,G,H,24.0,GLY,F,P02916,24.0,G,A,C,G,H
15,15,15,15,15,389,389,25.0,B,L,H,25.0,LEU,F,P02916,25.0,L,L,C,L,H
16,16,16,16,16,390,390,26.0,B,L,H,26.0,LEU,F,P02916,26.0,L,A,C,L,H
17,17,17,17,17,391,391,27.0,B,V,H,27.0,VAL,F,P02916,27.0,V,K,C,V,H
18,18,18,18,18,392,392,28.0,B,G,H,28.0,GLY,F,P02916,28.0,G,I,C,G,H
19,19,19,19,19,393,393,29.0,B,Y,H,29.0,TYR,F,P02916,29.0,Y,E,C,Y,H
20,20,20,20,20,394,394,30.0,B,L,C,30.0,LEU,F,P02916,30.0,L,E,C,L,C
21,21,21,21,21,395,395,31.0,B,V,H,31.0,VAL,F,P02916,31.0,V,G,C,V,H
22,22,22,22,22,396,396,32.0,B,V,H,32.0,VAL,F,P02916,32.0,V,K,C,V,H
23,23,23,23,23,397,397,33.0,B,L,H,33.0,LEU,F,P02916,33.0,L,L,E,L,H
24,24,24,24,24,398,398,34.0,B,M,H,34.0,MET,F,P02916,34.0,M,V,E,M,H
25,25,25,25,25,399,399,35.0,B,Y,H,35.0,TYR,F,P02916,35.0,Y,I,E,Y,H
26,26,26,26,26,400,400,36.0,B,A,C,36.0,ALA,F,P02916,36.0,A,W,E,A,C
27,27,27,27,27,401,401,37.0,B,Q,C,37.0,GLN,F,P02916,37.0,Q,I,C,Q,C
28,28,28,28,28,402,402,38.0,B,G,C,38.0,GLY,F,P02916,38.0,G,N,C,G,C
29,29,29,29,29,403,403,39.0,B,E,C,39.0,GLU,F,P02916,39.0,E,G,C,E,C
30,30,30,30,30,404,404,40.0,B,Y,H,40.0,TYR,F,P02916,40.0,Y,D,C,Y,H
31,31,31,31,31,405,405,41.0,B,L,H,41.0,LEU,F,P02916,41.0,L,K,C,L,H
32,32,32,32,32,406,406,42.0,B,F,H,42.0,PHE,F,P02916,42.0,F,G,C,F,H
33,33,33,33,33,407,407,43.0,B,A,H,43.0,ALA,F,P02916,43.0,A,Y,H,A,H
34,34,34,34,34,408,408,44.0,B,I,H,44.0,ILE,F,P02916,44.0,I,N,H,I,H
35,35,35,35,35,409,409,45.0,B,T,H,45.0,THR,F,P02916,45.0,T,G,H,T,H
36,36,36,36,36,410,410,46.0,B,T,H,46.0,THR,F,P02916,46.0,T,L,H,T,H
37,37,37,37,37,411,411,47.0,B,L,H,47.0,LEU,F,P02916,47.0,L,A,H,L,H
38,38,38,38,38,412,412,48.0,B,I,H,48.0,ILE,F,P02916,48.0,I,E,H,I,H
39,39,39,39,39,413,413,49.0,B,L,H,49.0,LEU,F,P02916,49.0,L,V,H,L,H
40,40,40,40,40,414,414,50.0,B,S,H,50.0,SER,F,P02916,50.0,S,G,H,S,H
41,41,41,41,41,415,415,51.0,B,S,H,51.0,SER,F,P02916,51.0,S,K,H,S,H
42,42,42,42,42,416,416,52.0,B,A,H,52.0,ALA,F,P02916,52.0,A,K,H,A,H
43,43,43,43,43,417,417,53.0,B,G,H,53.0,GLY,F,P02916,53.0,G,F,H,G,H
44,44,44,44,44,418,418,54.0,B,L,H,54.0,LEU,F,P02916,54.0,L,E,H,L,H
45,45,45,45,45,419,419,55.0,B,Y,H,55.0,TYR,F,P02916,55.0,Y,K,H,Y,H
46,46,46,46,46,420,420,56.0,B,I,H,56.0,ILE,F,P02916,56.0,I,D,H,I,H
47,47,47,47,47,421,421,57.0,B,F,H,57.0,PHE,F,P02916,57.0,F,T,H,F,H
48,48,48,48,48,422,422,58.0,B,A,H,58.0,ALA,F,P02916,58.0,A,G,C,A,H
49,49,49,49,49,423,423,59.0,B,N,C,59.0,ASN,F,P02916,59.0,N,I,C,N,C
50,50,50,50,50,424,424,60.0,B,R,C,60.0,ARG,F,P02916,60.0,R,K,C,R,C
51,51,51,51,51,425,425,61.0,B,K,C,61.0,LYS,F,P02916,61.0,K,V,E,K,C
52,52,52,52,52,426,426,62.0,B,A,C,62.0,ALA,F,P02916,62.0,A,T,E,A,C
53,53,53,53,53,427,427,63.0,B,Y,C,63.0,TYR,F,P02916,63.0,Y,V,E,Y,C
54,54,54,54,54,428,428,64.0,B,A,C,64.0,ALA,F,P02916,64.0,A,E,E,A,C
55,55,55,55,55,429,429,65.0,B,W,H,65.0,TRP,F,P02916,65.0,W,H,C,W,H
56,56,56,56,56,430,430,66.0,B,R,H,66.0,ARG,F,P02916,66.0,R,P,C,R,H
57,57,57,57,57,431,431,67.0,B,Y,H,67.0,TYR,F,P02916,67.0,Y,D,C,Y,H
58,58,58,58,58,432,432,68.0,B,V,H,68.0,VAL,F,P02916,68.0,V,K,C,V,H
59,59,59,59,59,433,433,69.0,B,Y,H,69.0,TYR,F,P02916,69.0,Y,L,H,Y,H
60,60,60,60,60,434,434,70.0,B,P,H,70.0,PRO,F,P02916,70.0,P,E,H,P,H
61,61,61,61,61,435,435,71.0,B,G,H,71.0,GLY,F,P02916,71.0,G,E,H,G,H
62,62,62,62,62,436,436,72.0,B,M,H,72.0,MET,F,P02916,72.0,M,K,H,M,H
63,63,63,63,63,437,437,73.0,B,A,H,73.0,ALA,F,P02916,73.0,A,F,H,A,H
64,64,64,64,64,438,438,74.0,B,G,H,74.0,GLY,F,P02916,74.0,G,P,H,G,H
65,65,65,65,65,439,439,75.0,B,M,H,75.0,MET,F,P02916,75.0,M,Q,H,M,H
66,66,66,66,66,440,440,76.0,B,G,C,76.0,GLY,F,P02916,76.0,G,V,H,G,H
67,67,67,67,67,441,441,77.0,B,L,C,77.0,LEU,F,P02916,77.0,L,A,H,L,H
68,68,68,68,68,442,442,78.0,B,F,C,78.0,PHE,F,P02916,78.0,F,A,C,F,H
69,69,69,69,69,443,443,79.0,B,V,C,79.0,VAL,F,P02916,79.0,V,T,C,V,C
70,70,70,70,70,444,444,80.0,B,L,C,80.0,LEU,F,P02916,80.0,L,G,C,L,H
71,71,71,71,71,445,445,81.0,B,F,H,81.0,PHE,F,P02916,81.0,F,D,C,F,H
72,72,72,72,72,446,446,82.0,B,P,H,82.0,PRO,F,P02916,82.0,P,G,C,P,H
73,73,73,73,73,447,447,83.0,B,L,H,83.0,LEU,F,P02916,83.0,L,P,C,L,H
74,74,74,74,74,448,448,84.0,B,V,H,84.0,VAL,F,P02916,84.0,V,D,C,V,H
75,75,75,75,75,449,449,85.0,B,C,H,85.0,CYS,F,P02916,85.0,C,I,E,C,H
76,76,76,76,76,450,450,86.0,B,T,H,86.0,THR,F,P02916,86.0,T,I,E,T,H
77,77,77,77,77,451,451,87.0,B,I,H,87.0,ILE,F,P02916,87.0,I,F,E,I,H
78,78,78,78,78,452,452,88.0,B,A,H,88.0,ALA,F,P02916,88.0,A,W,E,A,H
79,79,79,79,79,453,453,89.0,B,I,H,89.0,ILE,F,P02916,89.0,I,A,E,I,H
80,80,80,80,80,454,454,90.0,B,A,C,90.0,ALA,F,P02916,90.0,A,H,C,A,C
81,81,81,81,81,455,455,91.0,B,F,C,91.0,PHE,F,P02916,91.0,F,D,C,F,C
82,82,82,82,82,456,456,92.0,B,T,C,92.0,THR,F,P02916,92.0,T,R,C,T,E
83,83,83,83,83,457,457,93.0,B,N,C,93.0,ASN,F,P02916,93.0,N,F,H,N,C
84,84,84,84,84,458,458,94.0,B,Y,C,94.0,TYR,F,P02916,94.0,Y,G,H,Y,C
85,85,85,85,85,459,459,95.0,B,S,C,95.0,SER,F,P02916,95.0,S,G,H,S,C
86,86,86,86,86,460,460,96.0,B,S,C,96.0,SER,F,P02916,96.0,S,Y,H,S,C
87,87,87,87,87,461,461,97.0,B,T,C,97.0,THR,F,P02916,97.0,T,A,H,T,C
88,88,88,88,88,462,462,98.0,B,N,C,98.0,ASN,F,P02916,98.0,N,Q,H,N,C
89,89,89,89,89,463,463,99.0,B,Q,C,99.0,GLN,F,P02916,99.0,Q,S,C,Q,C
90,90,90,90,90,464,464,100.0,B,L,C,100.0,LEU,F,P02916,100.0,L,G,C,L,E
91,91,91,91,91,465,465,101.0,B,T,C,101.0,THR,F,P02916,101.0,T,L,C,T,C
92,92,92,92,92,466,466,102.0,B,F,H,102.0,PHE,F,P02916,102.0,F,L,C,F,H
93,93,93,93,93,467,467,103.0,B,E,H,103.0,GLU,F,P02916,103.0,E,A,C,E,H
94,94,94,94,94,468,468,104.0,B,R,H,104.0,ARG,F,P02916,104.0,R,E,C,R,H
95,95,95,95,95,469,469,105.0,B,A,H,105.0,ALA,F,P02916,105.0,A,I,C,A,H
96,96,96,96,96,470,470,106.0,B,Q,H,106.0,GLN,F,P02916,106.0,Q,T,C,Q,H
97,97,97,97,97,471,471,107.0,B,E,H,107.0,GLU,F,P02916,107.0,E,P,C,E,H
98,98,98,98,98,472,472,108.0,B,V,H,108.0,VAL,F,P02916,108.0,V,D,C,V,H
99,99,99,99,99,473,473,109.0,B,L,H,109.0,LEU,F,P02916,109.0,L,K,H,L,H
100,100,100,100,100,474,474,110.0,B,L,H,110.0,LEU,F,P02916,110.0,L,A,H,L,H
101,101,101,101,101,475,475,111.0,B,D,H,111.0,ASP,F,P02916,111.0,D,F,H,D,H
102,102,102,102,102,476,476,112.0,B,R,C,112.0,ARG,F,P02916,112.0,R,Q,H,R,C
103,103,103,103,103,477,477,113.0,B,S,E,113.0,SER,F,P02916,113.0,S,D,C,S,E
104,104,104,104,104,478,478,114.0,B,W,E,114.0,TRP,F,P02916,114.0,W,K,C,W,E
105,105,105,105,105,479,479,115.0,B,Q,E,115.0,GLN,F,P02916,115.0,Q,L,C,Q,E
106,106,106,106,106,480,480,116.0,B,A,E,116.0,ALA,F,P02916,116.0,A,Y,C,A,E
107,107,107,107,107,481,481,117.0,B,G,E,117.0,GLY,F,P02916,117.0,G,P,H,G,E
108,108,108,108,108,482,482,118.0,B,K,E,118.0,LYS,F,P02916,118.0,K,F,H,K,E
109,109,109,109,109,483,483,119.0,B,T,E,119.0,THR,F,P02916,119.0,T,T,H,T,E
110,110,110,110,110,484,484,120.0,B,Y,E,120.0,TYR,F,P02916,120.0,Y,W,H,Y,E
111,111,111,111,111,485,485,121.0,B,N,E,121.0,ASN,F,P02916,121.0,N,D,H,N,E
112,112,112,112,112,486,486,122.0,B,F,E,122.0,PHE,F,P02916,122.0,F,A,H,F,E
113,113,113,113,113,487,487,123.0,B,G,E,123.0,GLY,F,P02916,123.0,G,V,C,G,E
114,114,114,114,114,488,488,124.0,B,L,E,124.0,LEU,F,P02916,124.0,L,R,E,L,E
115,115,115,115,115,489,489,125.0,B,Y,E,125.0,TYR,F,P02916,125.0,Y,Y,E,Y,E
116,116,116,116,116,490,490,126.0,B,P,E,126.0,PRO,F,P02916,126.0,P,N,C,P,E
117,117,117,117,117,491,491,127.0,B,A,E,127.0,ALA,F,P02916,127.0,A,G,C,A,E
118,118,118,118,118,492,492,128.0,B,G,C,128.0,GLY,F,P02916,128.0,G,K,E,G,C
119,119,119,119,119,493,493,129.0,B,D,C,129.0,ASP,F,P02916,129.0,D,L,E,D,C
120,120,120,120,120,494,494,130.0,B,E,E,130.0,GLU,F,P02916,130.0,E,I,C,E,E
121,121,121,121,121,495,495,131.0,B,W,E,131.0,TRP,F,P02916,131.0,W,A,C,W,E
122,122,122,122,122,496,496,132.0,B,Q,E,132.0,GLN,F,P02916,132.0,Q,Y,E,Q,E
123,123,123,123,123,497,497,133.0,B,L,E,133.0,LEU,F,P02916,133.0,L,P,E,L,E
124,124,124,124,124,498,498,134.0,B,A,E,134.0,ALA,F,P02916,134.0,A,I,E,A,E
125,125,125,125,125,499,499,135.0,B,L,E,135.0,LEU,F,P02916,135.0,L,A,E,L,E
126,126,126,126,126,500,500,136.0,B,S,E,136.0,SER,F,P02916,136.0,S,V,E,S,E
127,127,127,127,127,501,501,137.0,B,D,E,137.0,ASP,F,P02916,137.0,D,E,E,D,E
128,128,128,128,128,502,502,138.0,B,G,C,138.0,GLY,F,P02916,138.0,G,A,C,G,C
129,129,129,129,129,503,503,139.0,B,E,C,139.0,GLU,F,P02916,139.0,E,L,C,E,C
130,130,130,130,130,504,504,140.0,B,T,C,140.0,THR,F,P02916,140.0,T,S,E,T,C
131,131,131,131,131,505,505,141.0,B,G,C,141.0,GLY,F,P02916,141.0,G,L,E,G,C
132,132,132,132,132,506,506,142.0,B,K,E,142.0,LYS,F,P02916,142.0,K,I,E,K,E
133,133,133,133,133,507,507,143.0,B,N,E,143.0,ASN,F,P02916,143.0,N,Y,E,N,E
134,134,134,134,134,508,508,144.0,B,Y,E,144.0,TYR,F,P02916,144.0,Y,N,E,Y,E
135,135,135,135,135,509,509,145.0,B,L,E,145.0,LEU,F,P02916,145.0,L,K,C,L,E
136,136,136,136,136,510,510,146.0,B,S,E,146.0,SER,F,P02916,146.0,S,D,C,S,E
137,137,137,137,137,511,511,147.0,B,D,C,147.0,ASP,F,P02916,147.0,D,L,C,D,C
138,138,138,138,138,512,512,148.0,B,A,C,148.0,ALA,F,P02916,148.0,A,L,C,A,C
139,139,139,139,139,513,513,149.0,B,F,C,149.0,PHE,F,P02916,149.0,F,P,C,F,E
140,140,140,140,140,514,514,150.0,B,K,C,150.0,LYS,F,P02916,150.0,K,N,C,K,C
141,141,141,141,141,515,515,151.0,B,F,C,151.0,PHE,F,P02916,151.0,F,P,C,F,C
142,142,142,142,142,516,516,152.0,B,G,C,152.0,GLY,F,P02916,152.0,G,P,C,G,C
143,143,143,143,143,517,517,153.0,B,G,C,153.0,GLY,F,P02916,153.0,G,K,C,G,C
144,144,144,144,144,518,518,154.0,B,E,C,154.0,GLU,F,P02916,154.0,E,T,C,E,C
145,145,145,145,145,519,519,155.0,B,Q,E,155.0,GLN,F,P02916,155.0,Q,W,C,Q,E
146,146,146,146,146,520,520,156.0,B,K,E,156.0,LYS,F,P02916,156.0,K,E,C,K,E
147,147,147,147,147,521,521,157.0,B,L,E,157.0,LEU,F,P02916,157.0,L,E,C,L,E
148,148,148,148,148,522,522,158.0,B,Q,E,158.0,GLN,F,P02916,158.0,Q,I,H,Q,E
149,149,149,149,149,523,523,159.0,B,L,E,159.0,LEU,F,P02916,159.0,L,P,H,L,E
150,150,150,150,150,524,524,160.0,B,K,E,160.0,LYS,F,P02916,160.0,K,A,H,K,E
151,151,151,151,151,525,525,161.0,B,E,E,161.0,GLU,F,P02916,161.0,E,L,H,E,E
152,152,152,152,152,526,526,162.0,B,T,E,162.0,THR,F,P02916,162.0,T,D,H,T,E
153,153,153,153,153,527,527,163.0,B,T,C,163.0,THR,F,P02916,163.0,T,K,H,T,C
154,154,154,154,154,528,528,164.0,B,A,C,164.0,ALA,F,P02916,164.0,A,E,H,A,C
155,155,155,155,155,529,529,165.0,B,Q,C,165.0,GLN,F,P02916,165.0,Q,L,H,Q,C
156,156,156,156,156,530,530,166.0,B,P,C,166.0,PRO,F,P02916,166.0,P,K,H,P,C
157,157,157,157,157,531,531,167.0,B,E,C,167.0,GLU,F,P02916,167.0,E,A,C,E,C
158,158,158,158,158,532,532,168.0,B,G,C,168.0,GLY,F,P02916,168.0,G,K,C,G,C
159,159,159,159,159,533,533,169.0,B,E,C,169.0,GLU,F,P02916,169.0,E,G,C,E,C
160,160,160,160,160,534,534,170.0,B,R,C,170.0,ARG,F,P02916,170.0,R,K,C,R,C
161,161,161,161,161,535,535,171.0,B,A,C,171.0,ALA,F,P02916,171.0,A,S,E,A,C
162,162,162,162,162,536,536,172.0,B,N,C,172.0,ASN,F,P02916,172.0,N,A,E,N,C
163,163,163,163,163,537,537,173.0,B,L,H,173.0,LEU,F,P02916,173.0,L,L,E,L,H
164,164,164,164,164,538,538,174.0,B,R,H,174.0,ARG,F,P02916,174.0,R,M,C,R,H
165,165,165,165,165,539,539,175.0,B,V,H,175.0,VAL,F,P02916,175.0,V,F,C,V,H
166,166,166,166,166,540,540,176.0,B,I,H,176.0,ILE,F,P02916,176.0,I,N,C,I,H
167,167,167,167,167,541,541,177.0,B,T,H,177.0,THR,F,P02916,177.0,T,L,C,T,H
168,168,168,168,168,542,542,178.0,B,Q,H,178.0,GLN,F,P02916,178.0,Q,Q,C,Q,H
169,169,169,169,169,543,543,179.0,B,N,C,179.0,ASN,F,P02916,179.0,N,E,C,N,C
170,170,170,170,170,544,544,180.0,B,R,H,180.0,ARG,F,P02916,180.0,R,P,H,R,H
171,171,171,171,171,545,545,181.0,B,Q,H,181.0,GLN,F,P02916,181.0,Q,Y,H,Q,H
172,172,172,172,172,546,546,182.0,B,A,H,182.0,ALA,F,P02916,182.0,A,F,H,A,H
173,173,173,173,173,547,547,183.0,B,L,H,183.0,LEU,F,P02916,183.0,L,T,H,L,H
174,174,174,174,174,548,548,184.0,B,S,C,184.0,SER,F,P02916,184.0,S,W,H,S,C
175,175,175,175,175,549,549,185.0,B,D,C,185.0,ASP,F,P02916,185.0,D,P,H,D,C
176,176,176,176,176,550,550,186.0,B,I,E,186.0,ILE,F,P02916,186.0,I,L,H,I,E
177,177,177,177,177,551,551,187.0,B,T,E,187.0,THR,F,P02916,187.0,T,I,H,T,E
178,178,178,178,178,552,552,188.0,B,A,E,188.0,ALA,F,P02916,188.0,A,A,H,A,E
179,179,179,179,179,553,553,189.0,B,I,E,189.0,ILE,F,P02916,189.0,I,A,H,I,E
180,180,180,180,180,554,554,190.0,B,L,C,190.0,LEU,F,P02916,190.0,L,D,C,L,C
181,181,181,181,181,555,555,191.0,B,P,C,191.0,PRO,F,P02916,191.0,P,G,C,P,C
182,182,182,182,182,556,556,192.0,B,D,C,192.0,ASP,F,P02916,192.0,D,G,C,D,C
183,183,183,183,183,557,557,193.0,B,G,C,193.0,GLY,F,P02916,193.0,G,Y,E,G,C
184,184,184,184,184,558,558,194.0,B,N,C,194.0,ASN,F,P02916,194.0,N,A,E,N,C
185,185,185,185,185,559,559,195.0,B,K,E,195.0,LYS,F,P02916,195.0,K,F,E,K,E
186,186,186,186,186,560,560,196.0,B,V,E,196.0,VAL,F,P02916,196.0,V,K,E,V,E
187,187,187,187,187,561,561,197.0,B,M,E,197.0,MET,F,P02916,197.0,M,Y,E,M,E
188,188,188,188,188,562,562,198.0,B,M,E,198.0,MET,F,P02916,198.0,M,E,E,M,E
189,189,189,189,189,563,563,199.0,B,S,C,199.0,SER,F,P02916,199.0,S,N,C,S,C
190,190,190,190,190,564,564,200.0,B,S,C,200.0,SER,F,P02916,200.0,S,G,C,S,C
191,191,191,191,191,565,565,201.0,B,L,C,201.0,LEU,F,P02916,201.0,L,K,E,L,C
192,192,192,192,192,566,566,202.0,B,R,C,202.0,ARG,F,P02916,202.0,R,Y,E,R,C
193,193,193,193,193,567,567,203.0,B,Q,E,203.0,GLN,F,P02916,203.0,Q,D,E,Q,E
194,194,194,194,194,568,568,204.0,B,F,E,204.0,PHE,F,P02916,204.0,F,I,E,F,E
195,195,195,195,195,569,569,205.0,B,S,E,205.0,SER,F,P02916,205.0,S,K,E,S,E
196,196,196,196,196,570,570,206.0,B,G,E,206.0,GLY,F,P02916,206.0,G,D,E,G,E
197,197,197,197,197,571,571,207.0,B,T,E,207.0,THR,F,P02916,207.0,T,V,E,T,E
198,198,198,198,198,572,572,208.0,B,Q,E,208.0,GLN,F,P02916,208.0,Q,G,E,Q,E
199,199,199,199,199,573,573,209.0,B,P,E,209.0,PRO,F,P02916,209.0,P,V,C,P,E
200,200,200,200,200,574,574,210.0,B,L,C,210.0,LEU,F,P02916,210.0,L,D,C,L,C
201,201,201,201,201,575,575,211.0,B,Y,E,211.0,TYR,F,P02916,211.0,Y,N,C,Y,E
202,202,202,202,202,576,576,212.0,B,T,E,212.0,THR,F,P02916,212.0,T,A,H,T,E
203,203,203,203,203,577,577,213.0,B,L,E,213.0,LEU,F,P02916,213.0,L,G,H,L,E
204,204,204,204,204,578,578,214.0,B,D,C,214.0,ASP,F,P02916,214.0,D,A,H,D,C
205,205,205,205,205,579,579,215.0,B,G,C,215.0,GLY,F,P02916,215.0,G,K,H,G,C
206,206,206,206,206,580,580,216.0,B,D,C,216.0,ASP,F,P02916,216.0,D,A,H,D,C
207,207,207,207,207,581,581,217.0,B,G,C,217.0,GLY,F,P02916,217.0,G,G,H,G,C
208,208,208,208,208,582,582,218.0,B,T,C,218.0,THR,F,P02916,218.0,T,L,H,T,C
209,209,209,209,209,583,583,219.0,B,L,E,219.0,LEU,F,P02916,219.0,L,T,H,L,E
210,210,210,210,210,584,584,220.0,B,T,E,220.0,THR,F,P02916,220.0,T,F,H,T,E
211,211,211,211,211,585,585,221.0,B,N,E,221.0,ASN,F,P02916,221.0,N,L,H,N,E
212,212,212,212,212,586,586,222.0,B,N,C,222.0,ASN,F,P02916,222.0,N,V,H,N,C
213,213,213,213,213,587,587,223.0,B,Q,C,223.0,GLN,F,P02916,223.0,Q,D,H,Q,C
214,214,214,214,214,588,588,224.0,B,S,C,224.0,SER,F,P02916,224.0,S,L,H,S,C
215,215,215,215,215,589,589,225.0,B,G,C,225.0,GLY,F,P02916,225.0,G,I,H,G,C
216,216,216,216,216,590,590,226.0,B,V,C,226.0,VAL,F,P02916,226.0,V,K,H,V,C
217,217,217,217,217,591,591,227.0,B,K,E,227.0,LYS,F,P02916,227.0,K,N,C,K,E
218,218,218,218,218,592,592,228.0,B,Y,E,228.0,TYR,F,P02916,228.0,Y,K,C,Y,E
219,219,219,219,219,593,593,229.0,B,R,E,229.0,ARG,F,P02916,229.0,R,H,C,R,E
220,220,220,220,220,594,594,230.0,B,P,E,230.0,PRO,F,P02916,230.0,P,M,C,P,E
221,221,221,221,221,595,595,231.0,B,N,E,231.0,ASN,F,P02916,231.0,N,N,C,N,E
222,222,222,222,222,596,596,232.0,B,N,C,232.0,ASN,F,P02916,232.0,N,A,C,N,C
223,223,223,223,223,597,597,233.0,B,Q,C,233.0,GLN,F,P02916,233.0,Q,D,C,Q,C
224,224,224,224,224,598,598,234.0,B,I,C,234.0,ILE,F,P02916,234.0,I,T,C,I,C
225,225,225,225,225,599,599,235.0,B,G,C,235.0,GLY,F,P02916,235.0,G,D,C,G,C
226,226,226,226,226,600,600,236.0,B,F,E,236.0,PHE,F,P02916,236.0,F,Y,H,F,E
227,227,227,227,227,601,601,237.0,B,Y,E,237.0,TYR,F,P02916,237.0,Y,S,H,Y,E
228,228,228,228,228,602,602,238.0,B,Q,E,238.0,GLN,F,P02916,238.0,Q,I,H,Q,E
229,229,229,229,229,603,603,239.0,B,S,E,239.0,SER,F,P02916,239.0,S,A,H,S,E
230,230,230,230,230,604,604,240.0,B,I,C,240.0,ILE,F,P02916,240.0,I,E,H,I,C
231,231,231,231,231,605,605,245.0,B,N,C,245.0,ASN,F,P02916,245.0,N,K,C,N,C
232,232,232,232,232,606,606,246.0,B,W,C,246.0,TRP,F,P02916,246.0,W,G,C,W,C
233,233,233,233,233,607,607,247.0,B,G,C,247.0,GLY,F,P02916,247.0,G,E,C,G,C
234,234,234,234,234,608,608,248.0,B,D,C,248.0,ASP,F,P02916,248.0,D,T,E,D,C
235,235,235,235,235,609,609,249.0,B,E,C,249.0,GLU,F,P02916,249.0,E,A,E,E,C
236,236,236,236,236,610,610,250.0,B,K,E,250.0,LYS,F,P02916,250.0,K,M,E,K,E
237,237,237,237,237,611,611,251.0,B,L,E,251.0,LEU,F,P02916,251.0,L,T,E,L,E
238,238,238,238,238,612,612,252.0,B,S,C,252.0,SER,F,P02916,252.0,S,I,E,S,C
239,239,239,239,239,613,613,253.0,B,P,C,253.0,PRO,F,P02916,253.0,P,N,E,P,C
240,240,240,240,240,614,614,254.0,B,G,C,254.0,GLY,F,P02916,254.0,G,G,C,G,C
241,241,241,241,241,615,615,255.0,B,Y,C,255.0,TYR,F,P02916,255.0,Y,P,C,Y,E
242,242,242,242,242,616,616,256.0,B,T,C,256.0,THR,F,P02916,256.0,T,W,C,T,C
243,243,243,243,243,617,617,257.0,B,V,C,257.0,VAL,F,P02916,257.0,V,A,C,V,C
244,244,244,244,244,618,618,258.0,B,T,C,258.0,THR,F,P02916,258.0,T,W,H,T,E
245,245,245,245,245,619,619,259.0,B,T,C,259.0,THR,F,P02916,259.0,T,S,H,T,C
246,246,246,246,246,620,620,260.0,B,G,C,260.0,GLY,F,P02916,260.0,G,N,H,G,C
