0,1,2,3,4,5,6,7,8,9,10,11,12,13,14,15,16,17,18,19,20,21,22,23,24,25,26,27,28,29,30,31,32,33,34,35,36,37,38,39,40,41,42,43,44,45,46,47,48,49,50,51,52,53,54,55,56,57,58,59,60,61,62,63,64,65,66,67,68,69,70,71,72,73,74,75,76,77,78,79,80,81,82,83,84,85,86,87,88,89,90,91,92,93,94,95,96,97,98,99,100,101,102,103,104,105,106,107,108,109,110,111,112,113,114,115,116,117,118,119,120,121,122,123,124,125,126,127,128,129,130,131,132,133,134,135,136,137,138,139,140,141,142,143,144,145,146,147,148,149,150,151,152,153,154,155,156,157,158,159,160,161,162,163,164,165,166,167,168,169,170,171,172,173,174,175,176,177,178,179,180,181,182,183,184,185,186,187,188,189,190,191,192,193,194,195,196,197,198,199,200,201,202,203,204,205,206,207,208,209,210,211,212,213,214,215,216,217,218,219,220,221,222,223,224,225,226,227,228,229,230,231,232,233,234,235,236,237,238,239,240,241,242,243,244,245,246,247,248,249,250,251,252,253,254,255,256,257,258,259,260,261,262,263,264,265,266,267,268,269,270,271,272,273,274,275,276,277,278,279,280,281,282,283,284,285,286,287,288,289,290,291,292,293,294,295,296,297,298,299,300,301,302,303,304,305,306,307,308,309,310,311,312,313,314,315,316,317,318,319,320,321,322,323,324,325,326,327,328,329,330,331,332,333,334,335,336,337,338,339,340,341,342,343,344,345,346,347,348,349,350,351,352,353,354,355,356,357,358,359,360,361,362,363,364,365,366,367,368,369,370,371,372,373,374,375,376,377,378,379,380,381,382,383,384,385,386,387,388,389,390,391,392,393,394,395,396,397,398,399,400,401,402,403,404,405,406,407,408,409,410,411,412,413,414,415,416,417,418,419,420,421,422,423,424,425,426,427,428,429,430,431,432,433,434,435,436,437,438,439,440,441,442,443,444,445,446,447,448,449,450,451,452,453,454,455,456,457,458,459,460,461,462,463,464,465,466,467,468,469,470,471,472,473,474,475,476,477,478,479,480,481,482,483,484,485,486,487,488,489,490,491,492,493,494,495,496,497,498,499,500,501,502,503,504,505,506,507,508,509,510,511,512,513,514,515,516,517,518,519,520,521,522,523,524,525,526,527,528,529,530,531,532,533,534,535,536,537,538,539,540,541,542,543,544,545,546,547,548,549,550,551,552,553,554,555,556,557,558,559,560,561,562,563,564,565,566,567,568,569,570,571,572,573,574,575,576,577,578,579,580,581,582,583,584,585,586,587,588,589,590,591,592,593,594,595,596,597,598,599,600,601,602,603,604,605,606,607,608,609,610,611,612,613,614,615,616,617,618,619,620,621,622,623,624,625,626,627,628,629,630,631,632,633,634,635,636,637
M,G,K,I,I,G,I,D,L,G,T,T,N,S,C,V,A,I,M,D,G,T,T,P,R,V,L,E,N,A,E,G,D,R,T,T,P,S,I,I,A,Y,T,Q,D,G,E,T,L,V,G,Q,P,A,K,R,Q,A,V,T,N,P,Q,N,T,L,F,A,I,K,R,L,I,G,R,R,F,Q,D,E,E,V,Q,R,D,V,S,I,M,P,F,K,I,I,A,A,D,N,G,D,A,W,V,E,V,K,G,Q,K,M,A,P,P,Q,I,S,A,E,V,L,K,K,M,K,K,T,A,E,D,Y,L,G,E,P,V,T,E,A,V,I,T,V,P,A,Y,F,N,D,A,Q,R,Q,A,T,K,D,A,G,R,I,A,G,L,E,V,K,R,I,I,N,E,P,T,A,A,A,L,A,Y,G,L,D,K,G,T,G,N,R,T,I,A,V,Y,D,L,G,G,G,T,F,D,I,S,I,I,E,I,D,E,V,D,G,E,K,T,F,E,V,L,A,T,N,G,D,T,H,L,G,G,E,D,F,D,S,R,L,I,N,Y,L,V,E,E,F,K,K,D,Q,G,I,D,L,R,N,D,P,L,A,M,Q,R,L,K,E,A,A,E,K,A,K,I,E,L,S,S,A,Q,Q,T,D,V,N,L,P,Y,I,T,A,D,A,T,G,P,K,H,M,N,I,K,V,T,R,A,K,L,E,S,L,V,E,D,L,V,N,R,S,I,E,P,L,K,V,A,L,Q,D,A,G,L,S,V,S,D,I,D,D,V,I,L,V,G,G,Q,T,R,M,P,M,V,Q,K,K,V,A,E,F,F,G,K,E,P,R,K,D,V,N,P,D,E,A,V,A,I,G,A,A,V,Q,G,G,V,L,T,G,D,V,K,D,V,L,L,L,D,V,T,P,L,S,L,G,I,E,T,M,G,G,V,M,T,T,L,I,A,K,N,T,T,I,P,T,K,H,S,Q,V,F,S,T,A,E,D,N,Q,S,A,V,T,I,H,V,L,Q,G,E,R,K,R,A,A,D,N,K,S,L,G,Q,F,N,L,D,G,I,N,P,A,P,R,G,M,P,Q,I,E,V,T,F,D,I,D,A,D,G,I,L,H,V,S,A,K,D,K,N,S,G,K,E,Q,K,I,T,I,K,A,S,S,G,L,N,E,D,E,I,Q,K,M,V,R,D,A,E,A,N,A,E,A,D,R,K,F,E,E,L,V,Q,T,R,N,Q,G,D,H,L,L,H,S,T,R,K,Q,V,E,E,A,G,D,K,L,P,A,D,D,K,T,A,I,E,S,A,L,T,A,L,E,T,A,L,K,G,E,D,K,A,A,I,E,A,K,M,Q,E,L,A,Q,V,S,Q,K,L,M,E,I,A,Q,Q,Q,H,A,Q,Q,Q,T,A,G,A,D,A,S,A,N,N,A,K,D,D,D,V,V,D,A,E,F,E,E,V,K,D,K,K
C,C,C,E,E,E,E,E,E,C,C,C,E,E,E,E,E,E,E,E,C,C,E,E,E,E,C,C,C,C,C,C,C,C,C,E,E,C,E,E,E,E,C,C,C,C,C,E,E,E,C,H,H,H,H,H,H,C,C,C,C,C,C,C,E,E,E,C,C,C,C,C,C,C,C,C,C,C,C,H,H,H,H,H,H,H,C,C,C,C,C,E,E,E,E,C,C,C,C,C,E,E,E,E,E,C,C,E,E,E,C,H,H,H,H,H,H,H,H,H,H,H,H,H,H,H,H,H,H,H,H,C,C,C,C,C,E,E,E,E,E,E,C,C,C,C,C,H,H,H,H,H,H,H,H,H,H,H,H,H,C,C,C,E,E,E,E,E,E,E,H,H,H,H,H,H,H,H,H,H,C,C,C,C,C,C,C,E,E,E,E,E,E,E,E,C,C,C,C,E,E,E,E,E,E,E,E,E,E,E,C,C,E,E,E,E,E,E,E,E,E,E,E,E,C,C,C,C,H,H,H,H,H,H,H,H,H,H,H,H,H,H,H,H,H,H,H,H,C,C,C,C,C,C,C,H,H,H,H,H,H,H,H,H,H,H,H,H,H,H,H,H,C,C,C,C,C,E,E,E,E,E,E,E,E,E,E,E,E,C,C,E,E,E,E,E,E,E,E,E,E,H,H,H,H,H,H,H,H,H,H,H,H,H,H,H,H,H,H,H,H,H,H,H,H,H,H,C,C,C,C,C,C,C,C,E,E,E,E,E,C,C,C,C,C,C,H,H,H,H,H,H,H,H,H,H,H,C,C,C,C,C,C,C,C,C,C,C,C,H,H,H,H,H,H,H,H,H,H,H,H,H,H,C,C,C,C,C,E,E,E,E,E,E,C,C,C,C,E,E,E,E,E,C,C,C,E,E,E,E,E,E,C,C,C,C,E,E,C,E,E,E,E,E,E,E,C,C,C,C,C,C,C,C,E,E,E,E,E,E,E,E,C,C,C,C,C,C,C,C,C,E,E,E,E,E,E,E,E,E,C,C,C,C,C,C,C,C,C,C,C,E,E,E,E,E,E,E,C,C,C,C,C,E,E,E,E,E,E,E,C,C,C,C,C,C,C,C,E,E,E,E,C,C,C,C,C,C,H,H,H,H,H,H,H,H,H,H,H,H,H,H,H,H,H,H,H,H,H,H,H,H,H,H,H,H,H,H,H,H,H,H,H,H,H,H,H,H,H,H,H,H,H,C,C,C,C,C,H,H,H,H,H,H,H,H,H,H,H,H,H,H,H,H,H,H,C,C,C,C,H,H,H,H,H,H,H,H,H,H,H,H,H,H,H,H,H,H,H,H,H,H,H,H,H,H,H,H,H,H,H,H,H,H,C,C,C,C,C,C,C,C,C,C,C,C,C,C,C,C,C,C,C,C,C,C,C,C
