,Unnamed: 0.5,Unnamed: 0.4,Unnamed: 0.3,Unnamed: 0.2,Unnamed: 0.1,Unnamed: 0,RES,CHAIN,AA,SS_CLASS,PDB_dbResNum,PDB_dbResName,PDB_dbChainId,UniProt_dbAccessionId,UniProt_dbResNum,UniProt_dbResName,shifted Uni,AF_predictions,Jpred_seq,Jpred_SS_pred
0,0,0,0,0,0,0,2.0,A,A,C,2.0,ALA,A,P13984,2.0,A,A,C,A,C
1,1,1,1,1,1,1,3.0,A,E,C,3.0,GLU,A,P13984,3.0,E,A,C,E,C
2,2,2,2,2,2,2,4.0,A,R,C,4.0,ARG,A,P13984,4.0,R,L,C,R,C
3,3,3,3,3,3,3,5.0,A,G,C,5.0,GLY,A,P13984,5.0,G,G,C,G,C
4,4,4,4,4,4,4,6.0,A,E,C,6.0,GLU,A,P13984,6.0,E,P,C,E,E
5,5,5,5,5,5,5,7.0,A,L,E,7.0,LEU,A,P13984,7.0,L,S,C,L,E
6,6,6,6,6,6,6,8.0,A,D,E,8.0,ASP,A,P13984,8.0,D,S,C,D,E
7,7,7,7,7,7,7,9.0,A,L,C,9.0,LEU,A,P13984,9.0,L,Q,C,L,C
8,8,8,8,8,8,8,10.0,A,T,H,10.0,THR,A,P13984,10.0,T,N,C,T,H
9,9,9,9,9,9,9,11.0,A,G,H,11.0,GLY,A,P13984,11.0,G,V,C,G,H
10,10,10,10,10,10,10,12.0,A,A,H,12.0,ALA,A,P13984,12.0,A,T,C,A,H
11,11,11,11,11,11,11,13.0,A,K,H,13.0,LYS,A,P13984,13.0,K,E,C,K,H
12,12,12,12,12,12,12,14.0,A,Q,C,14.0,GLN,A,P13984,14.0,Q,Y,C,Q,C
13,13,13,13,13,13,13,15.0,A,N,C,15.0,ASN,A,P13984,15.0,N,V,C,N,C
14,14,14,14,14,14,14,16.0,A,T,C,16.0,THR,A,P13984,16.0,T,V,E,T,C
15,15,15,15,15,15,15,17.0,A,G,E,17.0,GLY,A,P13984,17.0,G,R,E,G,E
16,16,16,16,16,16,16,18.0,A,V,E,18.0,VAL,A,P13984,18.0,V,V,C,V,E
17,17,17,17,17,17,17,19.0,A,W,E,19.0,TRP,A,P13984,19.0,W,P,C,W,E
18,18,18,18,18,18,18,20.0,A,L,E,20.0,LEU,A,P13984,20.0,L,K,C,L,E
19,19,19,19,19,19,19,21.0,A,V,E,21.0,VAL,A,P13984,21.0,V,N,C,V,E
20,20,20,20,20,20,20,22.0,A,K,E,22.0,LYS,A,P13984,22.0,K,T,C,K,E
21,21,21,21,21,21,21,23.0,A,V,E,23.0,VAL,A,P13984,23.0,V,T,C,V,E
22,22,22,22,22,22,22,24.0,A,P,E,24.0,PRO,A,P13984,24.0,P,K,C,P,E
23,23,23,23,23,23,23,25.0,A,K,H,25.0,LYS,A,P13984,25.0,K,K,C,K,H
24,24,24,24,24,24,24,26.0,A,Y,H,26.0,TYR,A,P13984,26.0,Y,Y,E,Y,H
25,25,25,25,25,25,25,27.0,A,L,H,27.0,LEU,A,P13984,27.0,L,N,E,L,H
26,26,26,26,26,26,26,28.0,A,S,H,28.0,SER,A,P13984,28.0,S,I,E,S,H
27,27,27,27,27,27,27,29.0,A,Q,H,29.0,GLN,A,P13984,29.0,Q,M,E,Q,H
28,28,28,28,28,28,28,30.0,A,Q,H,30.0,GLN,A,P13984,30.0,Q,A,E,Q,H
29,29,29,29,29,29,29,31.0,A,W,H,31.0,TRP,A,P13984,31.0,W,F,E,W,H
30,30,30,30,30,30,30,32.0,A,A,C,32.0,ALA,A,P13984,32.0,A,N,C,A,C
31,31,31,31,31,31,31,33.0,A,K,C,33.0,LYS,A,P13984,33.0,K,A,C,K,C
32,32,32,32,32,32,32,34.0,A,A,C,34.0,ALA,A,P13984,34.0,A,A,C,A,C
33,33,33,33,33,33,33,35.0,A,S,C,35.0,SER,A,P13984,35.0,S,D,C,S,C
34,34,34,34,34,34,34,36.0,A,G,C,36.0,GLY,A,P13984,36.0,G,K,C,G,C
35,35,35,35,35,35,35,37.0,A,R,C,37.0,ARG,A,P13984,37.0,R,V,C,R,C
36,36,36,36,36,36,36,38.0,A,G,C,38.0,GLY,A,P13984,38.0,G,N,C,G,C
37,37,37,37,37,37,37,39.0,A,E,E,39.0,GLU,A,P13984,39.0,E,F,C,E,E
38,38,38,38,38,38,38,40.0,A,V,E,40.0,VAL,A,P13984,40.0,V,A,C,V,E
39,39,39,39,39,39,39,41.0,A,G,E,41.0,GLY,A,P13984,41.0,G,T,C,G,E
40,40,40,40,40,40,40,42.0,A,K,E,42.0,LYS,A,P13984,42.0,K,W,C,K,E
41,41,41,41,41,41,41,43.0,A,L,E,43.0,LEU,A,P13984,43.0,L,N,C,L,E
42,42,42,42,42,42,42,44.0,A,R,E,44.0,ARG,A,P13984,44.0,R,Q,C,R,E
43,43,43,43,43,43,43,45.0,A,I,E,45.0,ILE,A,P13984,45.0,I,A,E,I,E
44,44,44,44,44,44,44,46.0,A,A,E,46.0,ALA,A,P13984,46.0,A,R,E,A,E
45,45,45,45,45,45,45,47.0,A,K,E,47.0,LYS,A,P13984,47.0,K,L,E,K,E
46,46,46,46,46,46,46,48.0,A,T,E,48.0,THR,A,P13984,48.0,T,E,E,T,E
47,47,47,47,47,47,47,49.0,A,Q,C,49.0,GLN,A,P13984,49.0,Q,R,E,Q,C
48,48,48,48,48,48,48,50.0,A,G,C,50.0,GLY,A,P13984,50.0,G,D,C,G,C
49,49,49,49,49,49,49,51.0,A,R,E,51.0,ARG,A,P13984,51.0,R,L,C,R,E
50,50,50,50,50,50,50,52.0,A,T,E,52.0,THR,A,P13984,52.0,T,S,C,T,E
51,51,51,51,51,51,51,53.0,A,E,E,53.0,GLU,A,P13984,53.0,E,N,C,E,E
52,52,52,52,52,52,52,54.0,A,V,E,54.0,VAL,A,P13984,54.0,V,K,H,V,E
53,53,53,53,53,53,53,55.0,A,S,E,55.0,SER,A,P13984,55.0,S,K,H,S,E
54,54,54,54,54,54,54,56.0,A,F,E,56.0,PHE,A,P13984,56.0,F,I,H,F,E
55,55,55,55,55,55,55,57.0,A,T,E,57.0,THR,A,P13984,57.0,T,Y,H,T,E
56,56,56,56,56,56,56,58.0,A,L,E,58.0,LEU,A,P13984,58.0,L,Q,C,L,E
57,57,57,57,57,57,57,59.0,A,N,C,59.0,ASN,A,P13984,59.0,N,E,C,N,C
58,58,58,58,58,58,58,60.0,A,E,H,60.0,GLU,A,P13984,60.0,E,E,C,E,H
59,59,59,59,59,59,59,61.0,A,D,H,61.0,ASP,A,P13984,61.0,D,E,C,D,H
60,60,60,60,60,60,60,62.0,A,L,H,62.0,LEU,A,P13984,62.0,L,M,C,L,H
61,61,61,61,61,61,61,63.0,A,A,H,63.0,ALA,A,P13984,63.0,A,P,C,A,H
62,62,62,62,62,62,62,64.0,A,N,C,64.0,ASN,A,P13984,64.0,N,E,C,N,C
63,63,63,63,63,63,63,65.0,A,I,C,65.0,ILE,A,P13984,65.0,I,S,C,I,C
64,64,64,64,64,64,64,66.0,A,H,C,66.0,HIS,A,P13984,66.0,H,G,C,H,C
65,65,65,65,65,65,65,67.0,A,D,C,67.0,ASP,A,P13984,67.0,D,A,C,D,C
66,66,66,66,66,66,66,68.0,A,I,C,68.0,ILE,A,P13984,68.0,I,G,C,I,C
67,67,67,67,67,67,67,69.0,A,G,C,69.0,GLY,A,P13984,69.0,G,S,C,G,C
68,68,68,68,68,68,68,70.0,A,G,C,70.0,GLY,A,P13984,70.0,G,E,C,G,C
69,69,69,69,69,69,69,71.0,A,K,C,71.0,LYS,A,P13984,71.0,K,F,C,K,C
70,70,70,70,70,70,70,72.0,A,P,C,72.0,PRO,A,P13984,72.0,P,N,C,P,C
71,71,71,71,71,71,71,73.0,A,A,C,73.0,ALA,A,P13984,73.0,A,R,H,A,C
72,72,72,72,72,72,72,74.0,A,S,C,74.0,SER,A,P13984,74.0,S,K,H,S,C
73,73,73,73,73,73,73,75.0,A,V,C,75.0,VAL,A,P13984,75.0,V,L,H,V,C
74,74,74,74,74,74,74,76.0,A,S,C,76.0,SER,A,P13984,76.0,S,R,H,S,C
75,75,75,75,75,75,75,77.0,A,A,C,77.0,ALA,A,P13984,77.0,A,E,H,A,C
76,76,76,76,76,76,76,78.0,A,P,C,78.0,PRO,A,P13984,78.0,P,E,H,P,C
77,77,77,77,77,77,77,79.0,A,R,C,79.0,ARG,A,P13984,79.0,R,A,H,R,C
78,78,78,78,78,78,78,80.0,A,E,E,80.0,GLU,A,P13984,80.0,E,R,H,E,E
79,79,79,79,79,79,79,81.0,A,H,E,81.0,HIS,A,P13984,81.0,H,R,H,H,E
80,80,80,80,80,80,80,82.0,A,P,E,82.0,PRO,A,P13984,82.0,P,K,H,P,E
81,81,81,81,81,81,81,83.0,A,F,E,83.0,PHE,A,P13984,83.0,F,K,H,F,E
82,82,82,82,82,82,82,84.0,A,V,E,84.0,VAL,A,P13984,84.0,V,Y,H,V,E
83,83,83,83,83,83,83,85.0,A,L,E,85.0,LEU,A,P13984,85.0,L,G,C,L,E
84,84,84,84,84,84,84,86.0,A,Q,E,86.0,GLN,A,P13984,86.0,Q,I,C,Q,E
85,85,85,85,85,85,85,87.0,A,S,C,87.0,SER,A,P13984,87.0,S,V,C,S,C
86,86,86,86,86,86,86,88.0,A,V,C,88.0,VAL,A,P13984,88.0,V,L,C,V,C
87,87,87,87,87,87,87,89.0,A,G,C,89.0,GLY,A,P13984,89.0,G,K,C,G,C
88,88,88,88,88,88,88,90.0,A,G,C,90.0,GLY,A,P13984,90.0,G,E,C,G,C
89,89,89,89,89,89,89,91.0,A,Q,C,91.0,GLN,A,P13984,91.0,Q,F,C,Q,C
90,90,90,90,90,90,90,92.0,A,T,E,92.0,THR,A,P13984,92.0,T,R,C,T,E
91,91,91,91,91,91,91,93.0,A,L,E,93.0,LEU,A,P13984,93.0,L,P,C,L,E
92,92,92,92,92,92,92,94.0,A,T,E,94.0,THR,A,P13984,94.0,T,E,C,T,E
93,93,93,93,93,93,93,95.0,A,V,E,95.0,VAL,A,P13984,95.0,V,D,C,V,E
94,94,94,94,94,94,94,96.0,A,F,E,96.0,PHE,A,P13984,96.0,F,Q,C,F,E
95,95,95,95,95,95,95,97.0,A,T,E,97.0,THR,A,P13984,97.0,T,P,C,T,E
96,96,96,96,96,96,96,98.0,A,E,E,98.0,GLU,A,P13984,98.0,E,W,E,E,E
97,97,97,97,97,97,97,99.0,A,S,E,99.0,SER,A,P13984,99.0,S,L,E,S,E
98,98,98,98,98,98,98,100.0,A,S,C,100.0,SER,A,P13984,100.0,S,L,E,S,C
99,99,99,99,99,99,99,101.0,A,S,C,101.0,SER,A,P13984,101.0,S,R,E,S,C
100,100,100,100,100,100,100,102.0,A,D,C,102.0,ASP,A,P13984,102.0,D,V,E,D,C
101,101,101,101,101,101,101,103.0,A,K,C,103.0,LYS,A,P13984,103.0,K,N,C,K,C
102,102,102,102,102,102,102,104.0,A,L,E,104.0,LEU,A,P13984,104.0,L,G,C,L,E
103,103,103,103,103,103,103,105.0,A,S,E,105.0,SER,A,P13984,105.0,S,K,C,S,E
104,104,104,104,104,104,104,106.0,A,L,E,106.0,LEU,A,P13984,106.0,L,S,C,L,E
105,105,105,105,105,105,105,107.0,A,E,E,107.0,GLU,A,P13984,107.0,E,G,C,E,E
106,106,106,106,106,106,106,108.0,A,G,E,108.0,GLY,A,P13984,108.0,G,R,C,G,E
107,107,107,107,107,107,107,109.0,A,I,E,109.0,ILE,A,P13984,109.0,I,K,E,I,E
108,108,108,108,108,108,108,110.0,A,V,E,110.0,VAL,A,P13984,110.0,V,F,E,V,E
109,109,109,109,109,109,109,111.0,A,V,E,111.0,VAL,A,P13984,111.0,V,K,E,V,E
110,110,110,110,110,110,110,112.0,A,Q,E,112.0,GLN,A,P13984,112.0,Q,G,E,Q,E
111,111,111,111,111,111,111,113.0,A,R,E,113.0,ARG,A,P13984,113.0,R,I,E,R,E
112,112,112,112,112,112,112,114.0,A,A,E,114.0,ALA,A,P13984,114.0,A,K,E,A,E
113,113,113,113,113,113,113,115.0,A,E,E,115.0,GLU,A,P13984,115.0,E,K,C,E,E
114,114,114,114,114,114,114,116.0,A,C,E,116.0,CYS,A,P13984,116.0,C,G,C,C,E
115,115,115,115,115,115,115,117.0,A,R,C,117.0,ARG,A,P13984,117.0,R,G,C,R,C
116,116,116,116,116,116,116,118.0,A,P,C,118.0,PRO,A,P13984,118.0,P,V,C,P,C
117,117,117,117,117,117,117,119.0,A,A,C,119.0,ALA,A,P13984,119.0,A,T,C,A,C
