,Unnamed: 0,Unnamed: 0.2,Unnamed: 0.1,Unnamed: 0.1.1,RES,CHAIN,AA,SS_CLASS,PDB_dbResNum,PDB_dbResName,PDB_dbChainId,UniProt_dbAccessionId,UniProt_dbResNum,UniProt_dbResName,shifted Uni,AF_predictions,Jpred_seq,Jpred_SS_pred
0,0,0,2,2,3.0,A,M,C,3.0,MET,A,Q7Z589,1.0,M,M,C,G,C
1,1,1,3,3,4.0,A,P,C,4.0,PRO,A,Q7Z589,2.0,P,P,C,S,C
2,2,2,4,4,5.0,A,V,C,5.0,VAL,A,Q7Z589,3.0,V,V,C,M,C
3,3,3,5,5,6.0,A,V,C,6.0,VAL,A,Q7Z589,4.0,V,V,C,P,C
4,4,4,6,6,7.0,A,W,C,7.0,TRP,A,Q7Z589,5.0,W,W,C,V,C
5,5,5,7,7,8.0,A,P,C,8.0,PRO,A,Q7Z589,6.0,P,P,C,V,C
6,6,6,8,8,9.0,A,T,C,9.0,THR,A,Q7Z589,7.0,T,T,C,W,C
7,7,7,9,9,10.0,A,L,C,10.0,LEU,A,Q7Z589,8.0,L,L,C,P,C
8,8,8,10,10,11.0,A,L,C,11.0,LEU,A,Q7Z589,9.0,L,L,C,T,C
9,9,9,11,11,12.0,A,D,C,12.0,ASP,A,Q7Z589,10.0,D,D,C,L,C
10,10,10,12,12,13.0,A,L,C,13.0,LEU,A,Q7Z589,11.0,L,L,C,L,C
11,11,11,13,13,14.0,A,S,C,14.0,SER,A,Q7Z589,12.0,S,S,C,D,C
12,12,12,14,14,15.0,A,R,H,15.0,ARG,A,Q7Z589,13.0,R,R,H,L,C
13,13,13,15,15,16.0,A,D,H,16.0,ASP,A,Q7Z589,14.0,D,D,H,S,C
14,14,14,16,16,17.0,A,E,H,17.0,GLU,A,Q7Z589,15.0,E,E,H,R,H
15,15,15,17,17,18.0,A,C,H,18.0,CYS,A,Q7Z589,16.0,C,C,H,D,H
16,16,16,18,18,19.0,A,K,H,19.0,LYS,A,Q7Z589,17.0,K,K,H,E,H
17,17,17,19,19,20.0,A,R,H,20.0,ARG,A,Q7Z589,18.0,R,R,H,C,H
18,18,18,20,20,21.0,A,I,H,21.0,ILE,A,Q7Z589,19.0,I,I,H,K,H
19,19,19,21,21,22.0,A,L,H,22.0,LEU,A,Q7Z589,20.0,L,L,H,R,H
20,20,20,22,22,23.0,A,R,H,23.0,ARG,A,Q7Z589,21.0,R,R,H,I,H
21,21,21,23,23,24.0,A,K,H,24.0,LYS,A,Q7Z589,22.0,K,K,H,L,H
22,22,22,24,24,25.0,A,L,H,25.0,LEU,A,Q7Z589,23.0,L,L,H,R,H
23,23,23,25,25,26.0,A,E,H,26.0,GLU,A,Q7Z589,24.0,E,E,H,K,H
24,24,24,26,26,27.0,A,L,H,27.0,LEU,A,Q7Z589,25.0,L,L,H,L,H
25,25,25,27,27,28.0,A,E,H,28.0,GLU,A,Q7Z589,26.0,E,E,H,E,H
26,26,26,28,28,29.0,A,A,H,29.0,ALA,A,Q7Z589,27.0,A,A,H,L,H
27,27,27,29,29,30.0,A,Y,H,30.0,TYR,A,Q7Z589,28.0,Y,Y,H,E,H
28,28,28,30,30,31.0,A,A,H,31.0,ALA,A,Q7Z589,29.0,A,A,H,A,H
29,29,29,31,31,32.0,A,G,H,32.0,GLY,A,Q7Z589,30.0,G,G,H,Y,H
30,30,30,32,32,33.0,A,V,H,33.0,VAL,A,Q7Z589,31.0,V,V,H,A,H
31,31,31,33,33,34.0,A,I,H,34.0,ILE,A,Q7Z589,32.0,I,I,H,G,H
32,32,32,34,34,35.0,A,S,H,35.0,SER,A,Q7Z589,33.0,S,S,H,V,H
33,33,33,35,35,36.0,A,A,H,36.0,ALA,A,Q7Z589,34.0,A,A,H,I,H
34,34,34,36,36,37.0,A,L,H,37.0,LEU,A,Q7Z589,35.0,L,L,H,S,H
35,35,35,37,37,38.0,A,R,H,38.0,ARG,A,Q7Z589,36.0,R,R,H,A,H
36,36,36,38,38,39.0,A,A,H,39.0,ALA,A,Q7Z589,37.0,A,A,H,L,H
37,37,37,39,39,40.0,A,Q,H,40.0,GLN,A,Q7Z589,38.0,Q,Q,C,R,H
38,38,38,40,40,41.0,A,G,C,41.0,GLY,A,Q7Z589,39.0,G,G,C,A,H
39,39,39,41,41,42.0,A,D,C,42.0,ASP,A,Q7Z589,40.0,D,D,C,Q,H
40,40,40,42,42,43.0,A,L,C,43.0,LEU,A,Q7Z589,41.0,L,L,C,G,C
41,41,41,43,43,44.0,A,T,C,44.0,THR,A,Q7Z589,42.0,T,T,C,D,C
42,42,42,44,44,45.0,A,K,H,45.0,LYS,A,Q7Z589,43.0,K,K,H,L,C
43,43,43,45,45,46.0,A,E,H,46.0,GLU,A,Q7Z589,44.0,E,E,H,T,C
44,44,44,46,46,47.0,A,K,H,47.0,LYS,A,Q7Z589,45.0,K,K,H,K,H
45,45,45,47,47,48.0,A,K,H,48.0,LYS,A,Q7Z589,46.0,K,K,H,E,H
46,46,46,48,48,49.0,A,D,H,49.0,ASP,A,Q7Z589,47.0,D,D,H,K,H
47,47,47,49,49,50.0,A,L,H,50.0,LEU,A,Q7Z589,48.0,L,L,H,K,H
48,48,48,50,50,51.0,A,L,H,51.0,LEU,A,Q7Z589,49.0,L,L,H,D,H
49,49,49,51,51,52.0,A,G,H,52.0,GLY,A,Q7Z589,50.0,G,G,H,L,H
50,50,50,52,52,53.0,A,E,H,53.0,GLU,A,Q7Z589,51.0,E,E,H,L,H
51,51,51,53,53,54.0,A,L,H,54.0,LEU,A,Q7Z589,52.0,L,L,H,G,H
52,52,52,54,54,55.0,A,S,H,55.0,SER,A,Q7Z589,53.0,S,S,H,E,H
53,53,53,55,55,56.0,A,K,H,56.0,LYS,A,Q7Z589,54.0,K,K,H,L,H
54,54,54,56,56,57.0,A,V,H,57.0,VAL,A,Q7Z589,55.0,V,V,H,S,H
55,55,55,57,57,58.0,A,L,C,58.0,LEU,A,Q7Z589,56.0,L,L,C,K,H
56,56,56,58,58,59.0,A,S,C,59.0,SER,A,Q7Z589,57.0,S,S,C,V,H
57,57,57,59,59,60.0,A,I,C,60.0,ILE,A,Q7Z589,58.0,I,I,C,L,C
58,58,58,60,60,61.0,A,S,C,61.0,SER,A,Q7Z589,59.0,S,S,C,S,C
59,59,59,61,61,62.0,A,T,H,62.0,THR,A,Q7Z589,60.0,T,T,H,I,C
60,60,60,62,62,63.0,A,E,H,63.0,GLU,A,Q7Z589,61.0,E,E,H,S,C
61,61,61,63,63,64.0,A,R,H,64.0,ARG,A,Q7Z589,62.0,R,R,H,T,H
62,62,62,64,64,65.0,A,H,H,65.0,HIS,A,Q7Z589,63.0,H,H,H,E,H
63,63,63,65,65,66.0,A,R,H,66.0,ARG,A,Q7Z589,64.0,R,R,H,R,H
64,64,64,66,66,67.0,A,A,H,67.0,ALA,A,Q7Z589,65.0,A,A,H,H,H
65,65,65,67,67,68.0,A,E,H,68.0,GLU,A,Q7Z589,66.0,E,E,H,R,H
66,66,66,68,68,69.0,A,V,H,69.0,VAL,A,Q7Z589,67.0,V,V,H,A,H
67,67,67,69,69,70.0,A,R,H,70.0,ARG,A,Q7Z589,68.0,R,R,H,E,H
68,68,68,70,70,71.0,A,R,H,71.0,ARG,A,Q7Z589,69.0,R,R,H,V,H
69,69,69,71,71,72.0,A,A,H,72.0,ALA,A,Q7Z589,70.0,A,A,H,R,H
70,70,70,72,72,73.0,A,V,H,73.0,VAL,A,Q7Z589,71.0,V,V,H,R,H
71,71,71,73,73,74.0,A,N,C,74.0,ASN,A,Q7Z589,72.0,N,N,H,A,H
72,72,72,74,74,75.0,A,D,C,75.0,ASP,A,Q7Z589,73.0,D,D,C,V,H
73,73,73,75,75,76.0,A,E,H,76.0,GLU,A,Q7Z589,74.0,E,E,H,N,C
74,74,74,76,76,77.0,A,R,H,77.0,ARG,A,Q7Z589,75.0,R,R,H,D,C
75,75,75,77,77,78.0,A,L,H,78.0,LEU,A,Q7Z589,76.0,L,L,H,E,H
76,76,76,78,78,79.0,A,T,H,79.0,THR,A,Q7Z589,77.0,T,T,H,R,H
77,77,77,79,79,80.0,A,T,H,80.0,THR,A,Q7Z589,78.0,T,T,H,L,H
78,78,78,80,80,81.0,A,I,H,81.0,ILE,A,Q7Z589,79.0,I,I,H,T,H
79,79,79,81,81,82.0,A,A,H,82.0,ALA,A,Q7Z589,80.0,A,A,H,T,H
80,80,80,82,82,83.0,A,H,H,83.0,HIS,A,Q7Z589,81.0,H,H,H,I,H
81,81,81,83,83,84.0,A,N,H,84.0,ASN,A,Q7Z589,82.0,N,N,H,A,H
82,82,82,84,84,85.0,A,M,H,85.0,MET,A,Q7Z589,83.0,M,M,H,H,H
83,83,83,85,85,86.0,A,S,H,86.0,SER,A,Q7Z589,84.0,S,S,H,N,H
84,84,84,86,86,87.0,A,G,C,87.0,GLY,A,Q7Z589,85.0,G,G,C,M,H
85,85,85,87,87,88.0,A,P,C,88.0,PRO,A,Q7Z589,86.0,P,P,C,S,H
86,86,86,88,88,89.0,A,N,C,89.0,ASN,A,Q7Z589,87.0,N,N,C,G,C
87,87,87,89,89,90.0,A,S,C,90.0,SER,A,Q7Z589,88.0,S,S,C,P,C
88,88,88,90,90,91.0,A,S,C,91.0,SER,A,Q7Z589,89.0,S,S,C,N,C
89,89,89,91,91,92.0,A,S,H,92.0,SER,A,Q7Z589,90.0,S,S,H,S,C
90,90,90,92,92,93.0,A,E,H,93.0,GLU,A,Q7Z589,91.0,E,E,H,S,C
91,91,91,93,93,94.0,A,W,H,94.0,TRP,A,Q7Z589,92.0,W,W,H,S,H
92,92,92,94,94,95.0,A,S,H,95.0,SER,A,Q7Z589,93.0,S,S,H,E,H
93,93,93,95,95,96.0,A,I,H,96.0,ILE,A,Q7Z589,94.0,I,I,H,W,H
94,94,94,96,96,97.0,A,E,H,97.0,GLU,A,Q7Z589,95.0,E,E,H,S,H
95,95,95,97,97,98.0,A,G,H,98.0,GLY,A,Q7Z589,96.0,G,G,C,I,H
96,96,96,98,98,99.0,A,R,H,99.0,ARG,A,Q7Z589,97.0,R,R,C,E,H
97,97,97,99,99,100.0,A,R,C,100.0,ARG,A,Q7Z589,98.0,R,R,C,G,H
98,98,98,100,100,101.0,A,L,C,101.0,LEU,A,Q7Z589,99.0,L,L,C,R,H
99,99,99,101,101,102.0,A,V,C,102.0,VAL,A,Q7Z589,100.0,V,V,C,R,C
