,RES,CHAIN,AA,SS_CLASS,PDB_dbResNum,PDB_dbResName,PDB_dbChainId,UniProt_dbAccessionId,UniProt_dbResNum,UniProt_dbResName,PDB_codeSecondaryStructure,PDB_nameSecondaryStructure
0,1,A,M,C,1,MET,A,Q56308,1,M,H,helix
1,2,A,R,H,2,ARG,A,Q56308,2,R,H,helix
2,3,A,E,H,3,GLU,A,Q56308,3,E,H,helix
3,4,A,K,H,4,LYS,A,Q56308,4,K,H,helix
4,5,A,L,H,5,LEU,A,Q56308,5,L,H,helix
5,6,A,F,H,6,PHE,A,Q56308,6,F,H,helix
6,7,A,W,H,7,TRP,A,Q56308,7,W,H,helix
7,8,A,I,H,8,ILE,A,Q56308,8,I,H,helix
8,9,A,L,H,9,LEU,A,Q56308,9,L,H,helix
9,10,A,K,H,10,LYS,A,Q56308,10,K,H,helix
10,11,A,K,H,11,LYS,A,Q56308,11,K,H,helix
11,12,A,Y,C,12,TYR,A,Q56308,12,Y,H,helix
12,13,A,G,C,13,GLY,A,Q56308,13,G,T,loop
13,14,A,V,C,14,VAL,A,Q56308,14,V,T,loop
14,15,A,S,C,15,SER,A,Q56308,15,S,H,helix
15,16,A,D,H,16,ASP,A,Q56308,16,D,H,helix
16,17,A,H,H,17,HIS,A,Q56308,17,H,H,helix
17,18,A,I,H,18,ILE,A,Q56308,18,I,H,helix
18,19,A,A,H,19,ALA,A,Q56308,19,A,H,helix
19,20,A,K,H,20,LYS,A,Q56308,20,K,H,helix
20,21,A,A,H,21,ALA,A,Q56308,21,A,H,helix
21,22,A,F,H,22,PHE,A,Q56308,22,F,H,helix
22,23,A,L,H,23,LEU,A,Q56308,23,L,H,helix
23,24,A,E,H,24,GLU,A,Q56308,24,E,H,helix
24,25,A,I,C,25,ILE,A,Q56308,25,I,H,helix
25,26,A,P,C,26,PRO,A,Q56308,26,P,H,helix
26,27,A,R,C,27,ARG,A,Q56308,27,R,H,helix
27,28,A,E,C,28,GLU,A,Q56308,28,E,H,helix
28,29,A,E,C,29,GLU,A,Q56308,29,E,H,helix
29,30,A,F,C,30,PHE,A,Q56308,30,F,H,helix
30,31,A,L,C,31,LEU,A,Q56308,31,L,H,helix
31,32,A,T,C,32,THR,A,Q56308,32,T,T,loop
32,33,A,K,C,33,LYS,A,Q56308,33,K,T,loop
33,34,A,S,C,34,SER,A,Q56308,34,S,T,loop
34,35,A,Y,C,35,TYR,A,Q56308,35,Y,T,loop
35,36,A,P,C,36,PRO,A,Q56308,36,P,H,helix
36,37,A,L,H,37,LEU,A,Q56308,37,L,H,helix
37,38,A,S,H,38,SER,A,Q56308,38,S,H,helix
38,39,A,Y,H,39,TYR,A,Q56308,39,Y,H,helix
39,40,A,V,H,40,VAL,A,Q56308,40,V,H,helix
40,41,A,Y,C,41,TYR,A,Q56308,41,Y,H,helix
41,42,A,E,C,42,GLU,A,Q56308,42,E,T,loop
42,43,A,D,C,43,ASP,A,Q56308,43,D,T,loop
43,44,A,I,C,44,ILE,A,Q56308,44,I,T,loop
44,45,A,V,C,45,VAL,A,Q56308,45,V,T,loop
45,46,A,L,E,46,LEU,A,Q56308,46,L,E,strand
46,47,A,V,E,47,VAL,A,Q56308,47,V,E,strand
47,48,A,S,E,48,SER,A,Q56308,48,S,E,strand
48,49,A,Y,E,49,TYR,A,Q56308,49,Y,E,strand
49,50,A,D,E,50,ASP,A,Q56308,50,D,E,strand
50,51,A,D,C,51,ASP,A,Q56308,51,D,T,loop
51,52,A,G,C,52,GLY,A,Q56308,52,G,T,loop
52,53,A,E,C,53,GLU,A,Q56308,53,E,T,loop
53,54,A,E,C,54,GLU,A,Q56308,54,E,T,loop
54,55,A,Y,E,55,TYR,A,Q56308,55,Y,E,strand
55,56,A,S,E,56,SER,A,Q56308,56,S,E,strand
56,57,A,T,E,57,THR,A,Q56308,57,T,E,strand
57,58,A,S,E,58,SER,A,Q56308,58,S,E,strand
58,59,A,S,C,59,SER,A,Q56308,59,S,T,loop
59,60,A,Q,C,60,GLN,A,Q56308,60,Q,H,helix
60,61,A,P,H,61,PRO,A,Q56308,61,P,H,helix
61,62,A,S,H,62,SER,A,Q56308,62,S,H,helix
62,63,A,L,H,63,LEU,A,Q56308,63,L,H,helix
63,64,A,M,H,64,MET,A,Q56308,64,M,H,helix
64,65,A,A,H,65,ALA,A,Q56308,65,A,H,helix
65,66,A,L,H,66,LEU,A,Q56308,66,L,H,helix
66,67,A,F,H,67,PHE,A,Q56308,67,F,H,helix
67,68,A,M,H,68,MET,A,Q56308,68,M,H,helix
68,69,A,E,H,69,GLU,A,Q56308,69,E,H,helix
69,70,A,W,H,70,TRP,A,Q56308,70,W,H,helix
70,71,A,V,C,71,VAL,A,Q56308,71,V,H,helix
71,72,A,G,C,72,GLY,A,Q56308,72,G,T,loop
72,73,A,L,C,73,LEU,A,Q56308,73,L,T,loop
73,74,A,D,C,74,ASP,A,Q56308,74,D,T,loop
74,75,A,K,C,75,LYS,A,Q56308,75,K,T,loop
75,76,A,G,C,76,GLY,A,Q56308,76,G,T,loop
76,77,A,M,C,77,MET,A,Q56308,77,M,T,loop
77,78,A,R,E,78,ARG,A,Q56308,78,R,E,strand
78,79,A,V,E,79,VAL,A,Q56308,79,V,E,strand
79,80,A,L,E,80,LEU,A,Q56308,80,L,E,strand
80,81,A,E,E,81,GLU,A,Q56308,81,E,E,strand
81,82,A,I,E,82,ILE,A,Q56308,82,I,E,strand
82,83,A,G,C,83,GLY,A,Q56308,83,G,T,loop
83,84,A,G,C,84,GLY,A,Q56308,84,G,T,loop
84,85,A,G,C,85,GLY,A,Q56308,85,G,T,loop
85,86,A,T,C,86,THR,A,Q56308,86,T,T,loop
86,87,A,G,C,87,GLY,A,Q56308,87,G,H,helix
87,88,A,Y,H,88,TYR,A,Q56308,88,Y,H,helix
88,89,A,N,H,89,ASN,A,Q56308,89,N,H,helix
89,90,A,A,H,90,ALA,A,Q56308,90,A,H,helix
90,91,A,A,H,91,ALA,A,Q56308,91,A,H,helix
91,92,A,V,H,92,VAL,A,Q56308,92,V,H,helix
92,93,A,M,H,93,MET,A,Q56308,93,M,H,helix
93,94,A,S,H,94,SER,A,Q56308,94,S,H,helix
94,95,A,R,H,95,ARG,A,Q56308,95,R,H,helix
95,96,A,V,H,96,VAL,A,Q56308,96,V,H,helix
96,97,A,V,H,97,VAL,A,Q56308,97,V,H,helix
97,98,A,G,C,98,GLY,A,Q56308,98,G,H,helix
98,99,A,E,C,99,GLU,A,Q56308,99,E,T,loop
99,100,A,K,C,100,LYS,A,Q56308,100,K,T,loop
100,101,A,G,C,101,GLY,A,Q56308,101,G,T,loop
101,102,A,L,E,102,LEU,A,Q56308,102,L,E,strand
102,103,A,V,E,103,VAL,A,Q56308,103,V,E,strand
103,104,A,V,E,104,VAL,A,Q56308,104,V,E,strand
104,105,A,S,E,105,SER,A,Q56308,105,S,E,strand
105,106,A,V,E,106,VAL,A,Q56308,106,V,E,strand
106,107,A,E,E,107,GLU,A,Q56308,107,E,E,strand
107,108,A,Y,C,108,TYR,A,Q56308,108,Y,T,loop
108,109,A,S,C,109,SER,A,Q56308,109,S,H,helix
109,110,A,R,H,110,ARG,A,Q56308,110,R,H,helix
110,111,A,K,H,111,LYS,A,Q56308,111,K,H,helix
111,112,A,I,H,112,ILE,A,Q56308,112,I,H,helix
112,113,A,a,H,113,CYS,A,Q56308,113,C,H,helix
113,114,A,E,H,114,GLU,A,Q56308,114,E,H,helix
114,115,A,I,H,115,ILE,A,Q56308,115,I,H,helix
115,116,A,A,H,116,ALA,A,Q56308,116,A,H,helix
116,117,A,K,H,117,LYS,A,Q56308,117,K,H,helix
117,118,A,R,H,118,ARG,A,Q56308,118,R,H,helix
118,119,A,N,H,119,ASN,A,Q56308,119,N,H,helix
119,120,A,V,H,120,VAL,A,Q56308,120,V,H,helix
120,121,A,E,H,121,GLU,A,Q56308,121,E,H,helix
121,122,A,R,H,122,ARG,A,Q56308,122,R,H,helix
122,123,A,L,C,123,LEU,A,Q56308,123,L,H,helix
123,124,A,G,C,124,GLY,A,Q56308,124,G,T,loop
124,125,A,I,C,125,ILE,A,Q56308,125,I,T,loop
125,126,A,E,C,126,GLU,A,Q56308,126,E,T,loop
126,127,A,N,C,127,ASN,A,Q56308,127,N,T,loop
127,128,A,V,E,128,VAL,A,Q56308,128,V,E,strand
128,129,A,I,E,129,ILE,A,Q56308,129,I,E,strand
129,130,A,F,E,130,PHE,A,Q56308,130,F,E,strand
130,131,A,V,E,131,VAL,A,Q56308,131,V,E,strand
131,132,A,a,E,132,CYS,A,Q56308,132,C,E,strand
132,133,A,G,C,133,GLY,A,Q56308,133,G,T,loop
133,134,A,D,C,134,ASP,A,Q56308,134,D,H,helix
134,135,A,G,C,135,GLY,A,Q56308,135,G,H,helix
135,136,A,Y,C,136,TYR,A,Q56308,136,Y,H,helix
136,137,A,Y,C,137,TYR,A,Q56308,137,Y,H,helix
137,138,A,G,C,138,GLY,A,Q56308,138,G,H,helix
138,139,A,V,C,139,VAL,A,Q56308,139,V,H,helix
139,140,A,P,C,140,PRO,A,Q56308,140,P,H,helix
140,141,A,E,C,141,GLU,A,Q56308,141,E,H,helix
141,142,A,F,C,142,PHE,A,Q56308,142,F,H,helix
142,143,A,S,C,143,SER,A,Q56308,143,S,H,helix
143,144,A,P,C,144,PRO,A,Q56308,144,P,T,loop
144,145,A,Y,E,145,TYR,A,Q56308,145,Y,E,strand
145,146,A,D,E,146,ASP,A,Q56308,146,D,E,strand
146,147,A,V,E,147,VAL,A,Q56308,147,V,E,strand
147,148,A,I,E,148,ILE,A,Q56308,148,I,E,strand
148,149,A,F,E,149,PHE,A,Q56308,149,F,E,strand
149,150,A,V,E,150,VAL,A,Q56308,150,V,E,strand
150,151,A,T,C,151,THR,A,Q56308,151,T,T,loop
151,152,A,V,C,152,VAL,A,Q56308,152,V,T,loop
152,153,A,G,C,153,GLY,A,Q56308,153,G,T,loop
153,154,A,V,C,154,VAL,A,Q56308,154,V,T,loop
154,155,A,D,C,155,ASP,A,Q56308,155,D,T,loop
155,156,A,E,C,156,GLU,A,Q56308,156,E,T,loop
156,157,A,V,C,157,VAL,A,Q56308,157,V,T,loop
157,158,A,P,C,158,PRO,A,Q56308,158,P,H,helix
158,159,A,E,H,159,GLU,A,Q56308,159,E,H,helix
159,160,A,T,H,160,THR,A,Q56308,160,T,H,helix
160,161,A,W,H,161,TRP,A,Q56308,161,W,H,helix
161,162,A,F,H,162,PHE,A,Q56308,162,F,H,helix
162,163,A,T,H,163,THR,A,Q56308,163,T,H,helix
163,164,A,Q,H,164,GLN,A,Q56308,164,Q,H,helix
164,165,A,L,E,165,LEU,A,Q56308,165,L,E,strand
165,166,A,K,E,166,LYS,A,Q56308,166,K,E,strand
166,167,A,E,E,167,GLU,A,Q56308,167,E,E,strand
167,168,A,G,E,168,GLY,A,Q56308,168,G,E,strand
168,169,A,G,E,169,GLY,A,Q56308,169,G,E,strand
169,170,A,R,E,170,ARG,A,Q56308,170,R,E,strand
170,171,A,V,E,171,VAL,A,Q56308,171,V,E,strand
171,172,A,I,E,172,ILE,A,Q56308,172,I,E,strand
172,173,A,V,E,173,VAL,A,Q56308,173,V,E,strand
173,174,A,P,E,174,PRO,A,Q56308,174,P,E,strand
174,175,A,I,C,175,ILE,A,Q56308,175,I,T,loop
175,176,A,N,C,176,ASN,A,Q56308,176,N,T,loop
176,177,A,L,C,177,LEU,A,Q56308,177,L,T,loop
177,178,A,K,C,178,LYS,A,Q56308,178,K,H,helix
178,179,A,L,C,179,LEU,A,Q56308,179,L,H,helix
179,180,A,S,C,180,SER,A,Q56308,180,S,H,helix
180,181,A,R,C,181,ARG,A,Q56308,181,R,H,helix
181,182,A,R,C,182,ARG,A,Q56308,182,R,T,loop
182,183,A,Q,C,183,GLN,A,Q56308,183,Q,T,loop
183,184,A,P,E,184,PRO,A,Q56308,184,P,E,strand
184,185,A,A,E,185,ALA,A,Q56308,185,A,E,strand
185,186,A,F,E,186,PHE,A,Q56308,186,F,E,strand
186,187,A,L,E,187,LEU,A,Q56308,187,L,E,strand
187,188,A,F,E,188,PHE,A,Q56308,188,F,E,strand
188,189,A,K,E,189,LYS,A,Q56308,189,K,E,strand
189,190,A,K,E,190,LYS,A,Q56308,190,K,E,strand
190,191,A,K,E,191,LYS,A,Q56308,191,K,E,strand
191,192,A,D,C,192,ASP,A,Q56308,192,D,T,loop
192,193,A,P,C,193,PRO,A,Q56308,193,P,T,loop
193,194,A,Y,E,194,TYR,A,Q56308,194,Y,E,strand
194,195,A,L,E,195,LEU,A,Q56308,195,L,E,strand
195,196,A,V,E,196,VAL,A,Q56308,196,V,E,strand
196,197,A,G,E,197,GLY,A,Q56308,197,G,E,strand
197,198,A,N,E,198,ASN,A,Q56308,198,N,E,strand
198,199,A,Y,E,199,TYR,A,Q56308,199,Y,E,strand
199,200,A,K,E,200,LYS,A,Q56308,200,K,E,strand
200,201,A,L,E,201,LEU,A,Q56308,201,L,E,strand
201,202,A,E,E,202,GLU,A,Q56308,202,E,E,strand
202,203,A,T,C,203,THR,A,Q56308,203,T,T,loop
203,204,A,R,C,204,ARG,A,Q56308,204,R,T,loop
204,205,A,F,C,205,PHE,A,Q56308,205,F,T,loop
205,206,A,I,C,206,ILE,A,Q56308,206,I,T,loop
206,207,A,T,C,207,THR,A,Q56308,207,T,T,loop
207,208,A,A,C,208,ALA,A,Q56308,208,A,T,loop
208,209,A,G,C,209,GLY,A,Q56308,209,G,H,helix
209,210,A,G,C,210,GLY,A,Q56308,210,G,H,helix
210,211,A,N,C,211,ASN,A,Q56308,211,N,H,helix
211,212,A,L,C,212,LEU,A,Q56308,212,L,H,helix
212,213,A,G,C,213,GLY,A,Q56308,213,G,H,helix
213,214,A,N,C,214,ASN,A,Q56308,214,N,H,helix
214,215,A,L,H,215,LEU,A,Q56308,215,L,H,helix
215,216,A,L,H,216,LEU,A,Q56308,216,L,H,helix
216,217,A,E,H,217,GLU,A,Q56308,217,E,H,helix
217,218,A,R,H,218,ARG,A,Q56308,218,R,H,helix
218,219,A,N,H,219,ASN,A,Q56308,219,N,H,helix
219,220,A,R,H,220,ARG,A,Q56308,220,R,H,helix
220,221,A,K,C,221,LYS,A,Q56308,221,K,H,helix
221,222,A,L,C,222,LEU,A,Q56308,222,L,T,loop
222,223,A,L,C,223,LEU,A,Q56308,223,L,T,loop
223,224,A,R,C,224,ARG,A,Q56308,224,R,T,loop
224,225,A,E,C,225,GLU,A,Q56308,225,E,T,loop
225,226,A,F,C,226,PHE,A,Q56308,226,F,T,loop
226,227,A,P,C,227,PRO,A,Q56308,227,P,T,loop
227,228,A,F,E,228,PHE,A,Q56308,228,F,E,strand
228,229,A,N,E,229,ASN,A,Q56308,229,N,E,strand
229,230,A,R,E,230,ARG,A,Q56308,230,R,E,strand
230,231,A,E,E,231,GLU,A,Q56308,231,E,E,strand
231,232,A,I,E,232,ILE,A,Q56308,232,I,E,strand
232,233,A,L,E,233,LEU,A,Q56308,233,L,E,strand
233,234,A,L,C,234,LEU,A,Q56308,234,L,T,loop
234,235,A,V,C,235,VAL,A,Q56308,235,V,T,loop
235,236,A,R,C,236,ARG,A,Q56308,236,R,H,helix
236,237,A,S,H,237,SER,A,Q56308,237,S,H,helix
237,238,A,H,H,238,HIS,A,Q56308,238,H,H,helix
238,239,A,I,H,239,ILE,A,Q56308,239,I,H,helix
239,240,A,F,H,240,PHE,A,Q56308,240,F,H,helix
240,241,A,V,H,241,VAL,A,Q56308,241,V,H,helix
241,242,A,E,H,242,GLU,A,Q56308,242,E,H,helix
242,243,A,L,H,243,LEU,A,Q56308,243,L,H,helix
243,244,A,V,H,244,VAL,A,Q56308,244,V,H,helix
244,245,A,D,H,245,ASP,A,Q56308,245,D,H,helix
245,246,A,L,H,246,LEU,A,Q56308,246,L,H,helix
246,247,A,L,H,247,LEU,A,Q56308,247,L,H,helix
247,248,A,T,H,248,THR,A,Q56308,248,T,H,helix
248,249,A,R,C,249,ARG,A,Q56308,249,R,H,helix
249,250,A,R,C,250,ARG,A,Q56308,250,R,T,loop
250,251,A,L,E,251,LEU,A,Q56308,251,L,E,strand
251,252,A,T,E,252,THR,A,Q56308,252,T,E,strand
252,253,A,E,E,253,GLU,A,Q56308,253,E,E,strand
253,254,A,I,E,254,ILE,A,Q56308,254,I,E,strand
254,255,A,D,C,255,ASP,A,Q56308,255,D,T,loop
255,256,A,G,C,256,GLY,A,Q56308,256,G,T,loop
256,257,A,T,E,257,THR,A,Q56308,257,T,E,strand
257,258,A,F,E,258,PHE,A,Q56308,258,F,E,strand
258,259,A,Y,E,259,TYR,A,Q56308,259,Y,E,strand
259,260,A,Y,E,260,TYR,A,Q56308,260,Y,E,strand
260,261,A,A,E,261,ALA,A,Q56308,261,A,E,strand
261,262,A,G,C,262,GLY,A,Q56308,262,G,T,loop
262,263,A,P,C,263,PRO,A,Q56308,263,P,T,loop
263,264,A,N,C,264,ASN,A,Q56308,264,N,T,loop
264,265,A,G,E,265,GLY,A,Q56308,265,G,E,strand
265,266,A,V,E,266,VAL,A,Q56308,266,V,E,strand
266,267,A,V,E,267,VAL,A,Q56308,267,V,E,strand
267,268,A,E,E,268,GLU,A,Q56308,268,E,E,strand
268,269,A,F,E,269,PHE,A,Q56308,269,F,E,strand
269,270,A,L,E,270,LEU,A,Q56308,270,L,E,strand
270,271,A,D,C,271,ASP,A,Q56308,271,D,T,loop
271,272,A,D,C,272,ASP,A,Q56308,272,D,T,loop
272,273,A,R,E,273,ARG,A,Q56308,273,R,E,strand
273,274,A,M,E,274,MET,A,Q56308,274,M,E,strand
274,275,A,R,E,275,ARG,A,Q56308,275,R,E,strand
275,276,A,I,E,276,ILE,A,Q56308,276,I,E,strand
276,277,A,Y,E,277,TYR,A,Q56308,277,Y,E,strand
277,278,A,G,E,278,GLY,A,Q56308,278,G,E,strand
278,279,A,D,C,279,ASP,A,Q56308,279,D,T,loop
279,280,A,A,C,280,ALA,A,Q56308,280,A,H,helix
280,281,A,P,H,281,PRO,A,Q56308,281,P,H,helix
281,282,A,E,H,282,GLU,A,Q56308,282,E,H,helix
282,283,A,I,H,283,ILE,A,Q56308,283,I,H,helix
283,284,A,E,H,284,GLU,A,Q56308,284,E,H,helix
284,285,A,N,H,285,ASN,A,Q56308,285,N,H,helix
285,286,A,L,H,286,LEU,A,Q56308,286,L,H,helix
286,287,A,L,H,287,LEU,A,Q56308,287,L,H,helix
287,288,A,T,H,288,THR,A,Q56308,288,T,H,helix
288,289,A,Q,H,289,GLN,A,Q56308,289,Q,H,helix
289,290,A,W,H,290,TRP,A,Q56308,290,W,H,helix
290,291,A,E,H,291,GLU,A,Q56308,291,E,H,helix
291,292,A,S,H,292,SER,A,Q56308,292,S,H,helix
292,293,A,b,C,293,CYS,A,Q56308,293,C,H,helix
293,294,A,G,C,294,GLY,A,Q56308,294,G,T,loop
294,295,A,Y,C,295,TYR,A,Q56308,295,Y,T,loop
295,296,A,R,C,296,ARG,A,Q56308,296,R,T,loop
296,297,A,S,C,297,SER,A,Q56308,297,S,H,helix
297,298,A,F,C,298,PHE,A,Q56308,298,F,H,helix
298,299,A,E,C,299,GLU,A,Q56308,299,E,H,helix
299,300,A,Y,C,300,TYR,A,Q56308,300,Y,H,helix
300,301,A,L,C,301,LEU,A,Q56308,301,L,H,helix
301,302,A,M,E,302,MET,A,Q56308,302,M,E,strand
302,303,A,L,E,303,LEU,A,Q56308,303,L,E,strand
303,304,A,H,E,304,HIS,A,Q56308,304,H,E,strand
304,305,A,V,E,305,VAL,A,Q56308,305,V,E,strand
305,306,A,G,E,306,GLY,A,Q56308,306,G,E,strand
306,307,A,Y,C,307,TYR,A,Q56308,307,Y,T,loop
307,308,A,N,C,308,ASN,A,Q56308,308,N,T,loop
308,309,A,A,C,309,ALA,A,Q56308,309,A,T,loop
309,310,A,F,C,310,PHE,A,Q56308,310,F,T,loop
310,311,A,S,C,311,SER,A,Q56308,311,S,T,loop
311,312,A,H,E,312,HIS,A,Q56308,312,H,E,strand
312,313,A,I,E,313,ILE,A,Q56308,313,I,E,strand
313,314,A,S,E,314,SER,A,Q56308,314,S,E,strand
314,315,A,b,C,315,CYS,A,Q56308,315,C,T,loop
315,316,A,S,C,316,SER,A,Q56308,316,S,T,loop
316,317,A,I,C,317,ILE,A,Q56308,317,I,T,loop
317,1,B,M,C,1,MET,B,Q56308,1,M,H,helix
318,2,B,R,H,2,ARG,B,Q56308,2,R,H,helix
319,3,B,E,H,3,GLU,B,Q56308,3,E,H,helix
320,4,B,K,H,4,LYS,B,Q56308,4,K,H,helix
321,5,B,L,H,5,LEU,B,Q56308,5,L,H,helix
322,6,B,F,H,6,PHE,B,Q56308,6,F,H,helix
323,7,B,W,H,7,TRP,B,Q56308,7,W,H,helix
324,8,B,I,H,8,ILE,B,Q56308,8,I,H,helix
325,9,B,L,H,9,LEU,B,Q56308,9,L,H,helix
326,10,B,K,H,10,LYS,B,Q56308,10,K,H,helix
327,11,B,K,H,11,LYS,B,Q56308,11,K,H,helix
328,12,B,Y,C,12,TYR,B,Q56308,12,Y,H,helix
329,13,B,G,C,13,GLY,B,Q56308,13,G,T,loop
330,14,B,V,C,14,VAL,B,Q56308,14,V,T,loop
331,15,B,S,C,15,SER,B,Q56308,15,S,H,helix
332,16,B,D,H,16,ASP,B,Q56308,16,D,H,helix
333,17,B,H,H,17,HIS,B,Q56308,17,H,H,helix
334,18,B,I,H,18,ILE,B,Q56308,18,I,H,helix
335,19,B,A,H,19,ALA,B,Q56308,19,A,H,helix
336,20,B,K,C,20,LYS,B,Q56308,20,K,H,helix
337,21,B,A,H,21,ALA,B,Q56308,21,A,H,helix
338,22,B,F,H,22,PHE,B,Q56308,22,F,H,helix
339,23,B,L,H,23,LEU,B,Q56308,23,L,H,helix
340,24,B,E,H,24,GLU,B,Q56308,24,E,H,helix
341,25,B,I,C,25,ILE,B,Q56308,25,I,H,helix
342,26,B,P,C,26,PRO,B,Q56308,26,P,H,helix
343,27,B,R,C,27,ARG,B,Q56308,27,R,H,helix
344,28,B,E,C,28,GLU,B,Q56308,28,E,H,helix
345,29,B,E,C,29,GLU,B,Q56308,29,E,H,helix
346,30,B,F,C,30,PHE,B,Q56308,30,F,H,helix
347,31,B,L,C,31,LEU,B,Q56308,31,L,H,helix
348,32,B,T,C,32,THR,B,Q56308,32,T,T,loop
349,33,B,K,C,33,LYS,B,Q56308,33,K,T,loop
350,34,B,S,C,34,SER,B,Q56308,34,S,T,loop
351,35,B,Y,C,35,TYR,B,Q56308,35,Y,T,loop
352,36,B,P,C,36,PRO,B,Q56308,36,P,H,helix
353,37,B,L,H,37,LEU,B,Q56308,37,L,H,helix
354,38,B,S,H,38,SER,B,Q56308,38,S,H,helix
355,39,B,Y,H,39,TYR,B,Q56308,39,Y,H,helix
356,40,B,V,H,40,VAL,B,Q56308,40,V,H,helix
357,41,B,Y,C,41,TYR,B,Q56308,41,Y,H,helix
358,42,B,E,C,42,GLU,B,Q56308,42,E,T,loop
359,43,B,D,C,43,ASP,B,Q56308,43,D,T,loop
360,44,B,I,C,44,ILE,B,Q56308,44,I,T,loop
361,45,B,V,C,45,VAL,B,Q56308,45,V,T,loop
362,46,B,L,E,46,LEU,B,Q56308,46,L,E,strand
363,47,B,V,E,47,VAL,B,Q56308,47,V,E,strand
364,48,B,S,E,48,SER,B,Q56308,48,S,E,strand
365,49,B,Y,E,49,TYR,B,Q56308,49,Y,E,strand
366,50,B,D,E,50,ASP,B,Q56308,50,D,E,strand
367,51,B,D,C,51,ASP,B,Q56308,51,D,T,loop
368,52,B,G,C,52,GLY,B,Q56308,52,G,T,loop
369,53,B,E,C,53,GLU,B,Q56308,53,E,T,loop
370,54,B,E,C,54,GLU,B,Q56308,54,E,T,loop
371,55,B,Y,E,55,TYR,B,Q56308,55,Y,E,strand
372,56,B,S,E,56,SER,B,Q56308,56,S,E,strand
373,57,B,T,E,57,THR,B,Q56308,57,T,E,strand
374,58,B,S,E,58,SER,B,Q56308,58,S,E,strand
375,59,B,S,C,59,SER,B,Q56308,59,S,T,loop
376,60,B,Q,C,60,GLN,B,Q56308,60,Q,H,helix
377,61,B,P,H,61,PRO,B,Q56308,61,P,H,helix
378,62,B,S,H,62,SER,B,Q56308,62,S,H,helix
379,63,B,L,H,63,LEU,B,Q56308,63,L,H,helix
380,64,B,M,H,64,MET,B,Q56308,64,M,H,helix
381,65,B,A,H,65,ALA,B,Q56308,65,A,H,helix
382,66,B,L,H,66,LEU,B,Q56308,66,L,H,helix
383,67,B,F,H,67,PHE,B,Q56308,67,F,H,helix
384,68,B,M,H,68,MET,B,Q56308,68,M,H,helix
385,69,B,E,H,69,GLU,B,Q56308,69,E,H,helix
386,70,B,W,H,70,TRP,B,Q56308,70,W,H,helix
387,71,B,V,C,71,VAL,B,Q56308,71,V,H,helix
388,72,B,G,C,72,GLY,B,Q56308,72,G,T,loop
389,73,B,L,C,73,LEU,B,Q56308,73,L,T,loop
390,74,B,D,C,74,ASP,B,Q56308,74,D,T,loop
391,75,B,K,C,75,LYS,B,Q56308,75,K,T,loop
392,76,B,G,C,76,GLY,B,Q56308,76,G,T,loop
393,77,B,M,C,77,MET,B,Q56308,77,M,T,loop
394,78,B,R,E,78,ARG,B,Q56308,78,R,E,strand
395,79,B,V,E,79,VAL,B,Q56308,79,V,E,strand
396,80,B,L,E,80,LEU,B,Q56308,80,L,E,strand
397,81,B,E,E,81,GLU,B,Q56308,81,E,E,strand
398,82,B,I,E,82,ILE,B,Q56308,82,I,E,strand
399,83,B,G,C,83,GLY,B,Q56308,83,G,T,loop
400,84,B,G,C,84,GLY,B,Q56308,84,G,T,loop
401,85,B,G,C,85,GLY,B,Q56308,85,G,T,loop
402,86,B,T,C,86,THR,B,Q56308,86,T,T,loop
403,87,B,G,C,87,GLY,B,Q56308,87,G,H,helix
404,88,B,Y,H,88,TYR,B,Q56308,88,Y,H,helix
405,89,B,N,H,89,ASN,B,Q56308,89,N,H,helix
406,90,B,A,H,90,ALA,B,Q56308,90,A,H,helix
407,91,B,A,H,91,ALA,B,Q56308,91,A,H,helix
408,92,B,V,H,92,VAL,B,Q56308,92,V,H,helix
409,93,B,M,H,93,MET,B,Q56308,93,M,H,helix
410,94,B,S,H,94,SER,B,Q56308,94,S,H,helix
411,95,B,R,H,95,ARG,B,Q56308,95,R,H,helix
412,96,B,V,H,96,VAL,B,Q56308,96,V,H,helix
413,97,B,V,H,97,VAL,B,Q56308,97,V,H,helix
414,98,B,G,C,98,GLY,B,Q56308,98,G,H,helix
415,99,B,E,C,99,GLU,B,Q56308,99,E,T,loop
416,100,B,K,C,100,LYS,B,Q56308,100,K,T,loop
417,101,B,G,C,101,GLY,B,Q56308,101,G,T,loop
418,102,B,L,E,102,LEU,B,Q56308,102,L,E,strand
419,103,B,V,E,103,VAL,B,Q56308,103,V,E,strand
420,104,B,V,E,104,VAL,B,Q56308,104,V,E,strand
421,105,B,S,E,105,SER,B,Q56308,105,S,E,strand
422,106,B,V,E,106,VAL,B,Q56308,106,V,E,strand
423,107,B,E,E,107,GLU,B,Q56308,107,E,E,strand
424,108,B,Y,C,108,TYR,B,Q56308,108,Y,T,loop
425,109,B,S,C,109,SER,B,Q56308,109,S,H,helix
426,110,B,R,H,110,ARG,B,Q56308,110,R,H,helix
427,111,B,K,H,111,LYS,B,Q56308,111,K,H,helix
428,112,B,I,H,112,ILE,B,Q56308,112,I,H,helix
429,113,B,c,H,113,CYS,B,Q56308,113,C,H,helix
430,114,B,E,H,114,GLU,B,Q56308,114,E,H,helix
431,115,B,I,H,115,ILE,B,Q56308,115,I,H,helix
432,116,B,A,H,116,ALA,B,Q56308,116,A,H,helix
433,117,B,K,H,117,LYS,B,Q56308,117,K,H,helix
434,118,B,R,H,118,ARG,B,Q56308,118,R,H,helix
435,119,B,N,H,119,ASN,B,Q56308,119,N,H,helix
436,120,B,V,H,120,VAL,B,Q56308,120,V,H,helix
437,121,B,E,H,121,GLU,B,Q56308,121,E,H,helix
438,122,B,R,H,122,ARG,B,Q56308,122,R,H,helix
439,123,B,L,H,123,LEU,B,Q56308,123,L,H,helix
440,124,B,G,C,124,GLY,B,Q56308,124,G,H,helix
441,125,B,I,C,125,ILE,B,Q56308,125,I,T,loop
442,126,B,E,C,126,GLU,B,Q56308,126,E,T,loop
443,127,B,N,C,127,ASN,B,Q56308,127,N,T,loop
444,128,B,V,E,128,VAL,B,Q56308,128,V,E,strand
445,129,B,I,E,129,ILE,B,Q56308,129,I,E,strand
446,130,B,F,E,130,PHE,B,Q56308,130,F,E,strand
447,131,B,V,E,131,VAL,B,Q56308,131,V,E,strand
448,132,B,c,E,132,CYS,B,Q56308,132,C,E,strand
449,133,B,G,C,133,GLY,B,Q56308,133,G,T,loop
450,134,B,D,C,134,ASP,B,Q56308,134,D,H,helix
451,135,B,G,C,135,GLY,B,Q56308,135,G,H,helix
452,136,B,Y,C,136,TYR,B,Q56308,136,Y,H,helix
453,137,B,Y,C,137,TYR,B,Q56308,137,Y,H,helix
454,138,B,G,C,138,GLY,B,Q56308,138,G,H,helix
455,139,B,V,C,139,VAL,B,Q56308,139,V,H,helix
456,140,B,P,C,140,PRO,B,Q56308,140,P,H,helix
457,141,B,E,C,141,GLU,B,Q56308,141,E,H,helix
458,142,B,F,C,142,PHE,B,Q56308,142,F,H,helix
459,143,B,S,C,143,SER,B,Q56308,143,S,H,helix
460,144,B,P,C,144,PRO,B,Q56308,144,P,T,loop
461,145,B,Y,E,145,TYR,B,Q56308,145,Y,E,strand
462,146,B,D,E,146,ASP,B,Q56308,146,D,E,strand
463,147,B,V,E,147,VAL,B,Q56308,147,V,E,strand
464,148,B,I,E,148,ILE,B,Q56308,148,I,E,strand
465,149,B,F,E,149,PHE,B,Q56308,149,F,E,strand
466,150,B,V,E,150,VAL,B,Q56308,150,V,E,strand
467,151,B,T,C,151,THR,B,Q56308,151,T,T,loop
468,152,B,V,C,152,VAL,B,Q56308,152,V,T,loop
469,153,B,G,C,153,GLY,B,Q56308,153,G,T,loop
470,154,B,V,C,154,VAL,B,Q56308,154,V,T,loop
471,155,B,D,C,155,ASP,B,Q56308,155,D,T,loop
472,156,B,E,C,156,GLU,B,Q56308,156,E,T,loop
473,157,B,V,C,157,VAL,B,Q56308,157,V,T,loop
474,158,B,P,C,158,PRO,B,Q56308,158,P,H,helix
475,159,B,E,H,159,GLU,B,Q56308,159,E,H,helix
476,160,B,T,H,160,THR,B,Q56308,160,T,H,helix
477,161,B,W,H,161,TRP,B,Q56308,161,W,H,helix
478,162,B,F,H,162,PHE,B,Q56308,162,F,H,helix
479,163,B,T,H,163,THR,B,Q56308,163,T,H,helix
480,164,B,Q,H,164,GLN,B,Q56308,164,Q,H,helix
481,165,B,L,E,165,LEU,B,Q56308,165,L,E,strand
482,166,B,K,E,166,LYS,B,Q56308,166,K,E,strand
483,167,B,E,E,167,GLU,B,Q56308,167,E,E,strand
484,168,B,G,E,168,GLY,B,Q56308,168,G,E,strand
485,169,B,G,E,169,GLY,B,Q56308,169,G,E,strand
486,170,B,R,E,170,ARG,B,Q56308,170,R,E,strand
487,171,B,V,E,171,VAL,B,Q56308,171,V,E,strand
488,172,B,I,E,172,ILE,B,Q56308,172,I,E,strand
489,173,B,V,E,173,VAL,B,Q56308,173,V,E,strand
490,174,B,P,E,174,PRO,B,Q56308,174,P,E,strand
491,175,B,I,C,175,ILE,B,Q56308,175,I,T,loop
492,176,B,N,C,176,ASN,B,Q56308,176,N,T,loop
493,177,B,L,C,177,LEU,B,Q56308,177,L,T,loop
494,178,B,K,C,178,LYS,B,Q56308,178,K,T,loop
495,179,B,L,C,179,LEU,B,Q56308,179,L,T,loop
496,180,B,S,C,180,SER,B,Q56308,180,S,T,loop
497,181,B,R,C,181,ARG,B,Q56308,181,R,T,loop
498,182,B,R,C,182,ARG,B,Q56308,182,R,T,loop
499,183,B,Q,E,183,GLN,B,Q56308,183,Q,E,strand
500,184,B,P,E,184,PRO,B,Q56308,184,P,E,strand
501,185,B,A,E,185,ALA,B,Q56308,185,A,E,strand
502,186,B,F,E,186,PHE,B,Q56308,186,F,E,strand
503,187,B,L,E,187,LEU,B,Q56308,187,L,E,strand
504,188,B,F,E,188,PHE,B,Q56308,188,F,E,strand
505,189,B,K,E,189,LYS,B,Q56308,189,K,E,strand
506,190,B,K,E,190,LYS,B,Q56308,190,K,E,strand
507,191,B,K,E,191,LYS,B,Q56308,191,K,E,strand
508,192,B,D,C,192,ASP,B,Q56308,192,D,T,loop
509,193,B,P,C,193,PRO,B,Q56308,193,P,T,loop
510,194,B,Y,E,194,TYR,B,Q56308,194,Y,E,strand
511,195,B,L,E,195,LEU,B,Q56308,195,L,E,strand
512,196,B,V,E,196,VAL,B,Q56308,196,V,E,strand
513,197,B,G,E,197,GLY,B,Q56308,197,G,E,strand
514,198,B,N,E,198,ASN,B,Q56308,198,N,E,strand
515,199,B,Y,E,199,TYR,B,Q56308,199,Y,E,strand
516,200,B,K,E,200,LYS,B,Q56308,200,K,E,strand
517,201,B,L,E,201,LEU,B,Q56308,201,L,E,strand
518,202,B,E,E,202,GLU,B,Q56308,202,E,E,strand
519,203,B,T,E,203,THR,B,Q56308,203,T,E,strand
520,204,B,R,C,204,ARG,B,Q56308,204,R,T,loop
521,205,B,F,C,205,PHE,B,Q56308,205,F,T,loop
522,206,B,I,C,206,ILE,B,Q56308,206,I,T,loop
523,207,B,T,C,207,THR,B,Q56308,207,T,T,loop
524,208,B,A,C,208,ALA,B,Q56308,208,A,T,loop
525,209,B,G,C,209,GLY,B,Q56308,209,G,H,helix
526,210,B,G,C,210,GLY,B,Q56308,210,G,H,helix
527,211,B,N,C,211,ASN,B,Q56308,211,N,H,helix
528,212,B,L,C,212,LEU,B,Q56308,212,L,H,helix
529,213,B,G,C,213,GLY,B,Q56308,213,G,H,helix
530,214,B,N,C,214,ASN,B,Q56308,214,N,H,helix
531,215,B,L,H,215,LEU,B,Q56308,215,L,H,helix
532,216,B,L,H,216,LEU,B,Q56308,216,L,H,helix
533,217,B,E,H,217,GLU,B,Q56308,217,E,H,helix
534,218,B,R,H,218,ARG,B,Q56308,218,R,H,helix
535,219,B,N,H,219,ASN,B,Q56308,219,N,H,helix
536,220,B,R,H,220,ARG,B,Q56308,220,R,H,helix
537,221,B,K,C,221,LYS,B,Q56308,221,K,H,helix
538,222,B,L,C,222,LEU,B,Q56308,222,L,T,loop
539,223,B,L,C,223,LEU,B,Q56308,223,L,T,loop
540,224,B,R,C,224,ARG,B,Q56308,224,R,T,loop
541,225,B,E,C,225,GLU,B,Q56308,225,E,T,loop
542,226,B,F,C,226,PHE,B,Q56308,226,F,T,loop
543,227,B,P,C,227,PRO,B,Q56308,227,P,T,loop
544,228,B,F,E,228,PHE,B,Q56308,228,F,E,strand
545,229,B,N,E,229,ASN,B,Q56308,229,N,E,strand
546,230,B,R,E,230,ARG,B,Q56308,230,R,E,strand
547,231,B,E,E,231,GLU,B,Q56308,231,E,E,strand
548,232,B,I,E,232,ILE,B,Q56308,232,I,E,strand
549,233,B,L,E,233,LEU,B,Q56308,233,L,E,strand
550,234,B,L,C,234,LEU,B,Q56308,234,L,T,loop
551,235,B,V,C,235,VAL,B,Q56308,235,V,T,loop
552,236,B,R,C,236,ARG,B,Q56308,236,R,H,helix
553,237,B,S,H,237,SER,B,Q56308,237,S,H,helix
554,238,B,H,H,238,HIS,B,Q56308,238,H,H,helix
555,239,B,I,H,239,ILE,B,Q56308,239,I,H,helix
556,240,B,F,H,240,PHE,B,Q56308,240,F,H,helix
557,241,B,V,H,241,VAL,B,Q56308,241,V,H,helix
558,242,B,E,H,242,GLU,B,Q56308,242,E,H,helix
559,243,B,L,H,243,LEU,B,Q56308,243,L,H,helix
560,244,B,V,H,244,VAL,B,Q56308,244,V,H,helix
561,245,B,D,H,245,ASP,B,Q56308,245,D,H,helix
562,246,B,L,H,246,LEU,B,Q56308,246,L,H,helix
563,247,B,L,H,247,LEU,B,Q56308,247,L,H,helix
564,248,B,T,H,248,THR,B,Q56308,248,T,H,helix
565,249,B,R,C,249,ARG,B,Q56308,249,R,H,helix
566,250,B,R,C,250,ARG,B,Q56308,250,R,T,loop
567,251,B,L,E,251,LEU,B,Q56308,251,L,E,strand
568,252,B,T,E,252,THR,B,Q56308,252,T,E,strand
569,253,B,E,E,253,GLU,B,Q56308,253,E,E,strand
570,254,B,I,E,254,ILE,B,Q56308,254,I,E,strand
571,255,B,D,C,255,ASP,B,Q56308,255,D,T,loop
572,256,B,G,C,256,GLY,B,Q56308,256,G,T,loop
573,257,B,T,E,257,THR,B,Q56308,257,T,E,strand
574,258,B,F,E,258,PHE,B,Q56308,258,F,E,strand
575,259,B,Y,E,259,TYR,B,Q56308,259,Y,E,strand
576,260,B,Y,E,260,TYR,B,Q56308,260,Y,E,strand
577,261,B,A,E,261,ALA,B,Q56308,261,A,E,strand
578,262,B,G,C,262,GLY,B,Q56308,262,G,T,loop
579,263,B,P,C,263,PRO,B,Q56308,263,P,T,loop
580,264,B,N,C,264,ASN,B,Q56308,264,N,T,loop
581,265,B,G,E,265,GLY,B,Q56308,265,G,E,strand
582,266,B,V,E,266,VAL,B,Q56308,266,V,E,strand
583,267,B,V,E,267,VAL,B,Q56308,267,V,E,strand
584,268,B,E,E,268,GLU,B,Q56308,268,E,E,strand
585,269,B,F,E,269,PHE,B,Q56308,269,F,E,strand
586,270,B,L,C,270,LEU,B,Q56308,270,L,T,loop
587,271,B,D,C,271,ASP,B,Q56308,271,D,T,loop
588,272,B,D,C,272,ASP,B,Q56308,272,D,T,loop
589,273,B,R,E,273,ARG,B,Q56308,273,R,E,strand
590,274,B,M,E,274,MET,B,Q56308,274,M,E,strand
591,275,B,R,E,275,ARG,B,Q56308,275,R,E,strand
592,276,B,I,E,276,ILE,B,Q56308,276,I,E,strand
593,277,B,Y,E,277,TYR,B,Q56308,277,Y,E,strand
594,278,B,G,E,278,GLY,B,Q56308,278,G,E,strand
595,279,B,D,C,279,ASP,B,Q56308,279,D,T,loop
596,280,B,A,C,280,ALA,B,Q56308,280,A,H,helix
597,281,B,P,H,281,PRO,B,Q56308,281,P,H,helix
598,282,B,E,H,282,GLU,B,Q56308,282,E,H,helix
599,283,B,I,H,283,ILE,B,Q56308,283,I,H,helix
600,284,B,E,H,284,GLU,B,Q56308,284,E,H,helix
601,285,B,N,H,285,ASN,B,Q56308,285,N,H,helix
602,286,B,L,H,286,LEU,B,Q56308,286,L,H,helix
603,287,B,L,H,287,LEU,B,Q56308,287,L,H,helix
604,288,B,T,H,288,THR,B,Q56308,288,T,H,helix
605,289,B,Q,H,289,GLN,B,Q56308,289,Q,H,helix
606,290,B,W,H,290,TRP,B,Q56308,290,W,H,helix
607,291,B,E,H,291,GLU,B,Q56308,291,E,H,helix
608,292,B,S,H,292,SER,B,Q56308,292,S,H,helix
609,293,B,d,C,293,CYS,B,Q56308,293,C,H,helix
610,294,B,G,C,294,GLY,B,Q56308,294,G,T,loop
611,295,B,Y,C,295,TYR,B,Q56308,295,Y,T,loop
612,296,B,R,C,296,ARG,B,Q56308,296,R,T,loop
613,297,B,S,C,297,SER,B,Q56308,297,S,H,helix
614,298,B,F,C,298,PHE,B,Q56308,298,F,H,helix
615,299,B,E,C,299,GLU,B,Q56308,299,E,H,helix
616,300,B,Y,C,300,TYR,B,Q56308,300,Y,H,helix
617,301,B,L,C,301,LEU,B,Q56308,301,L,H,helix
618,302,B,M,E,302,MET,B,Q56308,302,M,E,strand
619,303,B,L,E,303,LEU,B,Q56308,303,L,E,strand
620,304,B,H,E,304,HIS,B,Q56308,304,H,E,strand
621,305,B,V,E,305,VAL,B,Q56308,305,V,E,strand
622,306,B,G,E,306,GLY,B,Q56308,306,G,E,strand
623,307,B,Y,C,307,TYR,B,Q56308,307,Y,T,loop
624,308,B,N,C,308,ASN,B,Q56308,308,N,T,loop
625,309,B,A,C,309,ALA,B,Q56308,309,A,T,loop
626,310,B,F,C,310,PHE,B,Q56308,310,F,T,loop
627,311,B,S,C,311,SER,B,Q56308,311,S,T,loop
628,312,B,H,E,312,HIS,B,Q56308,312,H,E,strand
629,313,B,I,E,313,ILE,B,Q56308,313,I,E,strand
630,314,B,S,E,314,SER,B,Q56308,314,S,E,strand
631,315,B,d,C,315,CYS,B,Q56308,315,C,T,loop
632,316,B,S,C,316,SER,B,Q56308,316,S,T,loop
633,,,,,,,,,,,,
634,,,,,,,,,,,,
635,,,,,,,,,,,,
636,,,,,,,,,,,,
637,,,,,,,,,,,,
638,,,,,,,,,,,,
639,,,,,,,,,,,,
640,,,,,,,,,,,,
641,,,,,,,,,,,,
642,699,L,X,C,,,,,,,,
643,,,,,,,,,,,,
644,,,,,,,,,,,,
645,,,,,,,,,,,,
646,,,,,,,,,,,,
647,,,,,,,,,,,,
648,,,,,,,,,,,,
649,,,,,,,,,,,,
650,,,,,,,,,,,,
651,,,,,,,,,,,,
652,,,,,,,,,,,,
653,1699,W,X,C,,,,,,,,
654,,,,,,,,,,,,
655,,,,,,,,,,,,
