,Unnamed: 0.3,Unnamed: 0.2,Unnamed: 0.1,Unnamed: 0,RES,CHAIN,AA,SS_CLASS,PDB_dbResNum,PDB_dbResName,PDB_dbChainId,UniProt_dbAccessionId,UniProt_dbResNum,UniProt_dbResName,shifted Uni,AF_predictions,Jpred_seq,Jpred_SS_pred
0,0,0,0,0,5.0,A,S,C,5.0,SER,A,O67517,5.0,S,S,H,S,C
1,1,1,1,1,6.0,A,H,C,6.0,HIS,A,O67517,6.0,H,H,H,H,C
2,2,2,2,2,7.0,A,W,C,7.0,TRP,A,O67517,7.0,W,W,H,W,C
3,3,3,3,3,8.0,A,A,C,8.0,ALA,A,O67517,8.0,A,A,H,A,C
4,4,4,4,4,9.0,A,Q,C,9.0,GLN,A,O67517,9.0,Q,Q,H,Q,C
5,5,5,5,5,10.0,A,I,C,10.0,ILE,A,O67517,10.0,I,I,H,I,C
6,6,6,6,6,11.0,A,K,C,11.0,LYS,A,O67517,11.0,K,K,H,K,C
7,7,7,7,7,12.0,A,H,C,12.0,HIS,A,O67517,12.0,H,H,H,H,C
8,8,8,8,8,13.0,A,K,C,13.0,LYS,A,O67517,13.0,K,K,H,K,C
9,9,9,9,9,14.0,A,K,C,14.0,LYS,A,O67517,14.0,K,K,C,K,C
10,10,10,10,10,15.0,A,A,C,15.0,ALA,A,O67517,15.0,A,A,C,A,C
11,11,11,11,11,16.0,A,K,C,16.0,LYS,A,O67517,16.0,K,K,C,K,C
12,12,12,12,12,17.0,A,V,C,17.0,VAL,A,O67517,17.0,V,V,C,V,C
13,13,13,13,13,18.0,A,D,C,18.0,ASP,A,O67517,18.0,D,D,C,D,C
14,14,14,14,14,19.0,A,A,C,19.0,ALA,A,O67517,19.0,A,A,C,A,C
15,15,15,15,15,20.0,A,Q,C,20.0,GLN,A,O67517,20.0,Q,Q,C,Q,C
16,16,16,16,16,21.0,A,R,H,21.0,ARG,A,O67517,21.0,R,R,H,R,H
17,17,17,17,17,22.0,A,G,H,22.0,GLY,A,O67517,22.0,G,G,H,G,H
18,18,18,18,18,23.0,A,K,H,23.0,LYS,A,O67517,23.0,K,K,H,K,H
19,19,19,19,19,24.0,A,L,H,24.0,LEU,A,O67517,24.0,L,L,H,L,H
20,20,20,20,20,25.0,A,F,H,25.0,PHE,A,O67517,25.0,F,F,H,F,H
21,21,21,21,21,26.0,A,S,H,26.0,SER,A,O67517,26.0,S,S,H,S,H
22,22,22,22,22,27.0,A,K,H,27.0,LYS,A,O67517,27.0,K,K,H,K,H
23,23,23,23,23,28.0,A,L,H,28.0,LEU,A,O67517,28.0,L,L,H,L,H
24,24,24,24,24,29.0,A,I,H,29.0,ILE,A,O67517,29.0,I,I,H,I,H
25,25,25,25,25,30.0,A,R,H,30.0,ARG,A,O67517,30.0,R,R,H,R,H
26,26,26,26,26,31.0,A,E,H,31.0,GLU,A,O67517,31.0,E,E,H,E,H
27,27,27,27,27,32.0,A,I,H,32.0,ILE,A,O67517,32.0,I,I,H,I,H
28,28,28,28,28,33.0,A,I,H,33.0,ILE,A,O67517,33.0,I,I,H,I,H
29,29,29,29,29,34.0,A,V,H,34.0,VAL,A,O67517,34.0,V,V,H,V,H
30,30,30,30,30,35.0,A,A,H,35.0,ALA,A,O67517,35.0,A,A,H,A,H
31,31,31,31,31,36.0,A,T,H,36.0,THR,A,O67517,36.0,T,T,H,T,H
32,32,32,32,32,37.0,A,R,H,37.0,ARG,A,O67517,37.0,R,R,H,R,H
33,33,33,33,33,38.0,A,L,H,38.0,LEU,A,O67517,38.0,L,L,H,L,H
34,34,34,34,34,39.0,A,G,H,39.0,GLY,A,O67517,39.0,G,G,H,G,H
35,35,35,35,35,40.0,A,G,C,40.0,GLY,A,O67517,40.0,G,G,C,G,C
36,36,36,36,36,41.0,A,P,C,41.0,PRO,A,O67517,41.0,P,P,C,P,C
37,37,37,37,37,42.0,A,N,C,42.0,ASN,A,O67517,42.0,N,N,C,N,C
38,38,38,38,38,43.0,A,P,C,43.0,PRO,A,O67517,43.0,P,P,C,P,C
39,39,39,39,39,44.0,A,E,C,44.0,GLU,A,O67517,44.0,E,E,C,E,C
40,40,40,40,40,45.0,A,F,C,45.0,PHE,A,O67517,45.0,F,F,C,F,C
41,41,41,41,41,46.0,A,N,C,46.0,ASN,A,O67517,46.0,N,N,C,N,C
42,42,42,42,42,47.0,A,P,H,47.0,PRO,A,O67517,47.0,P,P,H,P,H
43,43,43,43,43,48.0,A,R,H,48.0,ARG,A,O67517,48.0,R,R,H,R,H
44,44,44,44,44,49.0,A,L,H,49.0,LEU,A,O67517,49.0,L,L,H,L,H
45,45,45,45,45,50.0,A,R,H,50.0,ARG,A,O67517,50.0,R,R,H,R,H
46,46,46,46,46,51.0,A,T,H,51.0,THR,A,O67517,51.0,T,T,H,T,H
47,47,47,47,47,52.0,A,A,H,52.0,ALA,A,O67517,52.0,A,A,H,A,H
48,48,48,48,48,53.0,A,I,H,53.0,ILE,A,O67517,53.0,I,I,H,I,H
49,49,49,49,49,54.0,A,E,H,54.0,GLU,A,O67517,54.0,E,E,H,E,H
50,50,50,50,50,55.0,A,Q,H,55.0,GLN,A,O67517,55.0,Q,Q,H,Q,H
51,51,51,51,51,56.0,A,A,H,56.0,ALA,A,O67517,56.0,A,A,H,A,H
52,52,52,52,52,57.0,A,K,H,57.0,LYS,A,O67517,57.0,K,K,H,K,H
53,53,53,53,53,58.0,A,K,H,58.0,LYS,A,O67517,58.0,K,K,H,K,H
54,54,54,54,54,59.0,A,A,C,59.0,ALA,A,O67517,59.0,A,A,C,A,C
55,55,55,55,55,60.0,A,N,C,60.0,ASN,A,O67517,60.0,N,N,C,N,C
56,56,56,56,56,61.0,A,X,C,61.0,MSE,A,O67517,61.0,M,M,C,M,C
57,57,57,57,57,62.0,A,P,C,62.0,PRO,A,O67517,62.0,P,P,C,P,C
58,58,58,58,58,63.0,A,W,H,63.0,TRP,A,O67517,63.0,W,W,H,W,H
59,59,59,59,59,64.0,A,E,H,64.0,GLU,A,O67517,64.0,E,E,H,E,H
60,60,60,60,60,65.0,A,N,H,65.0,ASN,A,O67517,65.0,N,N,H,N,H
61,61,61,61,61,66.0,A,I,H,66.0,ILE,A,O67517,66.0,I,I,H,I,H
62,62,62,62,62,67.0,A,E,H,67.0,GLU,A,O67517,67.0,E,E,H,E,H
63,63,63,63,63,68.0,A,R,H,68.0,ARG,A,O67517,68.0,R,R,H,R,H
64,64,64,64,64,69.0,A,A,H,69.0,ALA,A,O67517,69.0,A,A,H,A,H
65,65,65,65,65,70.0,A,I,H,70.0,ILE,A,O67517,70.0,I,I,H,I,H
66,66,66,66,66,71.0,A,K,H,71.0,LYS,A,O67517,71.0,K,K,H,K,H
67,67,67,67,67,72.0,A,K,H,72.0,LYS,A,O67517,72.0,K,K,H,K,H
68,68,68,68,68,73.0,A,G,H,73.0,GLY,A,O67517,73.0,G,G,H,G,H
69,69,69,69,69,74.0,A,A,H,74.0,ALA,A,O67517,74.0,A,A,C,A,H
70,70,70,70,70,75.0,A,G,C,75.0,GLY,A,O67517,75.0,G,G,C,G,C
71,71,71,71,71,76.0,A,E,C,76.0,GLU,A,O67517,76.0,E,E,C,E,C
72,72,72,72,72,77.0,A,L,C,77.0,LEU,A,O67517,77.0,L,L,C,L,C
73,73,73,73,73,78.0,A,E,C,78.0,GLU,A,O67517,78.0,E,E,C,E,C
74,74,74,74,74,79.0,A,G,C,79.0,GLY,A,O67517,79.0,G,G,C,G,C
75,75,75,75,75,80.0,A,E,C,80.0,GLU,A,O67517,80.0,E,E,C,E,C
76,76,76,76,76,81.0,A,Q,C,81.0,GLN,A,O67517,81.0,Q,Q,C,Q,C
77,77,77,77,77,82.0,A,F,C,82.0,PHE,A,O67517,82.0,F,F,C,F,C
78,78,78,78,78,83.0,A,E,E,83.0,GLU,A,O67517,83.0,E,E,E,E,E
79,79,79,79,79,84.0,A,E,E,84.0,GLU,A,O67517,84.0,E,E,E,E,E
80,80,80,80,80,85.0,A,V,E,85.0,VAL,A,O67517,85.0,V,V,E,V,E
81,81,81,81,81,86.0,A,I,E,86.0,ILE,A,O67517,86.0,I,I,E,I,E
82,82,82,82,82,87.0,A,Y,E,87.0,TYR,A,O67517,87.0,Y,Y,E,Y,E
83,83,83,83,83,88.0,A,E,E,88.0,GLU,A,O67517,88.0,E,E,E,E,E
84,84,84,84,84,89.0,A,G,E,89.0,GLY,A,O67517,89.0,G,G,E,G,E
85,85,85,85,85,90.0,A,Y,E,90.0,TYR,A,O67517,90.0,Y,Y,E,Y,E
86,86,86,86,86,91.0,A,A,E,91.0,ALA,A,O67517,91.0,A,A,C,A,E
87,87,87,87,87,92.0,A,P,C,92.0,PRO,A,O67517,92.0,P,P,C,P,C
88,88,88,88,88,93.0,A,G,C,93.0,GLY,A,O67517,93.0,G,G,C,G,C
89,89,89,89,89,94.0,A,G,C,94.0,GLY,A,O67517,94.0,G,G,C,G,C
90,90,90,90,90,95.0,A,V,E,95.0,VAL,A,O67517,95.0,V,V,C,V,E
91,91,91,91,91,96.0,A,A,E,96.0,ALA,A,O67517,96.0,A,A,E,A,E
92,92,92,92,92,97.0,A,V,E,97.0,VAL,A,O67517,97.0,V,V,E,V,E
93,93,93,93,93,98.0,A,X,E,98.0,MSE,A,O67517,98.0,M,M,E,M,E
94,94,94,94,94,99.0,A,V,E,99.0,VAL,A,O67517,99.0,V,V,E,V,E
95,95,95,95,95,100.0,A,L,E,100.0,LEU,A,O67517,100.0,L,L,E,L,E
96,96,96,96,96,101.0,A,A,E,101.0,ALA,A,O67517,101.0,A,A,E,A,E
97,97,97,97,97,102.0,A,T,E,102.0,THR,A,O67517,102.0,T,T,E,T,E
98,98,98,98,98,103.0,A,T,E,103.0,THR,A,O67517,103.0,T,T,E,T,E
99,99,99,99,99,104.0,A,D,C,104.0,ASP,A,O67517,104.0,D,D,C,D,C
100,100,100,100,100,105.0,A,N,C,105.0,ASN,A,O67517,105.0,N,N,C,N,C
101,101,101,101,101,106.0,A,R,H,106.0,ARG,A,O67517,106.0,R,R,H,R,H
102,102,102,102,102,107.0,A,N,H,107.0,ASN,A,O67517,107.0,N,N,H,N,H
103,103,103,103,103,108.0,A,R,H,108.0,ARG,A,O67517,108.0,R,R,H,R,H
104,104,104,104,104,109.0,A,T,H,109.0,THR,A,O67517,109.0,T,T,H,T,H
105,105,105,105,105,110.0,A,T,H,110.0,THR,A,O67517,110.0,T,T,H,T,H
106,106,106,106,106,111.0,A,S,H,111.0,SER,A,O67517,111.0,S,S,H,S,H
107,107,107,107,107,112.0,A,E,H,112.0,GLU,A,O67517,112.0,E,E,H,E,H
108,108,108,108,108,113.0,A,V,H,113.0,VAL,A,O67517,113.0,V,V,H,V,H
109,109,109,109,109,114.0,A,R,H,114.0,ARG,A,O67517,114.0,R,R,H,R,H
110,110,110,110,110,115.0,A,H,H,115.0,HIS,A,O67517,115.0,H,H,H,H,H
111,111,111,111,111,116.0,A,V,H,116.0,VAL,A,O67517,116.0,V,V,H,V,H
112,112,112,112,112,117.0,A,F,H,117.0,PHE,A,O67517,117.0,F,F,H,F,H
113,113,113,113,113,118.0,A,T,H,118.0,THR,A,O67517,118.0,T,T,H,T,H
114,114,114,114,114,119.0,A,K,H,119.0,LYS,A,O67517,119.0,K,K,H,K,H
115,115,115,115,115,120.0,A,H,C,120.0,HIS,A,O67517,120.0,H,H,C,H,C
116,116,116,116,116,121.0,A,G,C,121.0,GLY,A,O67517,121.0,G,G,C,G,C
117,117,117,117,117,122.0,A,G,C,122.0,GLY,A,O67517,122.0,G,G,C,G,C
118,118,118,118,118,123.0,A,N,E,123.0,ASN,A,O67517,123.0,N,N,E,N,E
119,119,119,119,119,124.0,A,L,E,124.0,LEU,A,O67517,124.0,L,L,E,L,E
120,120,120,120,120,125.0,A,G,C,125.0,GLY,A,O67517,125.0,G,G,C,G,C
121,121,121,121,121,126.0,A,A,C,126.0,ALA,A,O67517,126.0,A,A,C,A,C
122,122,122,122,122,127.0,A,S,C,127.0,SER,A,O67517,127.0,S,S,C,S,C
123,123,123,123,123,128.0,A,G,C,128.0,GLY,A,O67517,128.0,G,G,C,G,C
124,124,124,124,124,129.0,A,C,C,129.0,CYS,A,O67517,129.0,C,C,C,C,C
125,125,125,125,125,130.0,A,V,C,130.0,VAL,A,O67517,130.0,V,V,C,V,C
126,126,126,126,126,131.0,A,S,C,131.0,SER,A,O67517,131.0,S,S,C,S,C
127,127,127,127,127,132.0,A,Y,C,132.0,TYR,A,O67517,132.0,Y,Y,C,Y,C
128,128,128,128,128,133.0,A,L,C,133.0,LEU,A,O67517,133.0,L,L,C,L,C
129,129,129,129,129,134.0,A,F,E,134.0,PHE,A,O67517,134.0,F,F,E,F,E
130,130,130,130,130,135.0,A,E,E,135.0,GLU,A,O67517,135.0,E,E,E,E,E
131,131,131,131,131,136.0,A,R,E,136.0,ARG,A,O67517,136.0,R,R,E,R,E
132,132,132,132,132,137.0,A,K,E,137.0,LYS,A,O67517,137.0,K,K,E,K,E
133,133,133,133,133,138.0,A,G,E,138.0,GLY,A,O67517,138.0,G,G,E,G,E
134,134,134,134,134,139.0,A,Y,E,139.0,TYR,A,O67517,139.0,Y,Y,E,Y,E
135,135,135,135,135,140.0,A,I,E,140.0,ILE,A,O67517,140.0,I,I,E,I,E
136,136,136,136,136,141.0,A,E,E,141.0,GLU,A,O67517,141.0,E,E,E,E,E
137,137,137,137,137,142.0,A,V,E,142.0,VAL,A,O67517,142.0,V,V,E,V,E
138,138,138,138,138,143.0,A,P,E,143.0,PRO,A,O67517,143.0,P,P,E,P,E
139,139,139,139,139,144.0,A,A,C,144.0,ALA,A,O67517,144.0,A,A,C,A,C
140,140,140,140,140,145.0,A,K,C,145.0,LYS,A,O67517,145.0,K,K,C,K,C
141,141,141,141,141,146.0,A,E,C,146.0,GLU,A,O67517,146.0,E,E,C,E,C
142,142,142,142,142,147.0,A,V,C,147.0,VAL,A,O67517,147.0,V,V,C,V,C
143,143,143,143,143,148.0,A,S,C,148.0,SER,A,O67517,148.0,S,S,C,S,C
144,144,144,144,144,149.0,A,E,H,149.0,GLU,A,O67517,149.0,E,E,H,E,H
145,145,145,145,145,150.0,A,E,H,150.0,GLU,A,O67517,150.0,E,E,H,E,H
146,146,146,146,146,151.0,A,E,H,151.0,GLU,A,O67517,151.0,E,E,H,E,H
147,147,147,147,147,152.0,A,L,H,152.0,LEU,A,O67517,152.0,L,L,H,L,H
148,148,148,148,148,153.0,A,L,H,153.0,LEU,A,O67517,153.0,L,L,H,L,H
149,149,149,149,149,154.0,A,E,H,154.0,GLU,A,O67517,154.0,E,E,H,E,H
150,150,150,150,150,155.0,A,K,H,155.0,LYS,A,O67517,155.0,K,K,H,K,H
151,151,151,151,151,156.0,A,A,H,156.0,ALA,A,O67517,156.0,A,A,H,A,H
152,152,152,152,152,157.0,A,I,H,157.0,ILE,A,O67517,157.0,I,I,H,I,H
153,153,153,153,153,158.0,A,E,H,158.0,GLU,A,O67517,158.0,E,E,H,E,H
154,154,154,154,154,159.0,A,V,H,159.0,VAL,A,O67517,159.0,V,V,C,V,H
155,155,155,155,155,160.0,A,G,C,160.0,GLY,A,O67517,160.0,G,G,C,G,C
156,156,156,156,156,161.0,A,A,C,161.0,ALA,A,O67517,161.0,A,A,C,A,C
157,157,157,157,157,162.0,A,E,C,162.0,GLU,A,O67517,162.0,E,E,C,E,C
158,158,158,158,158,163.0,A,D,E,163.0,ASP,A,O67517,163.0,D,D,E,D,E
159,159,159,159,159,164.0,A,V,E,164.0,VAL,A,O67517,164.0,V,V,E,V,E
160,160,160,160,160,165.0,A,Q,E,165.0,GLN,A,O67517,165.0,Q,Q,E,Q,E
161,161,161,161,161,166.0,A,P,C,166.0,PRO,A,O67517,166.0,P,P,C,P,C
162,162,162,162,162,167.0,A,G,C,167.0,GLY,A,O67517,167.0,G,G,C,G,C
163,163,163,163,163,168.0,A,E,C,168.0,GLU,A,O67517,168.0,E,E,C,E,C
164,164,164,164,164,169.0,A,E,C,169.0,GLU,A,O67517,169.0,E,E,C,E,C
165,165,165,165,165,170.0,A,V,E,170.0,VAL,A,O67517,170.0,V,V,E,V,E
166,166,166,166,166,171.0,A,H,E,171.0,HIS,A,O67517,171.0,H,H,E,H,E
167,167,167,167,167,172.0,A,I,E,172.0,ILE,A,O67517,172.0,I,I,E,I,E
168,168,168,168,168,173.0,A,I,E,173.0,ILE,A,O67517,173.0,I,I,E,I,E
169,169,169,169,169,174.0,A,Y,E,174.0,TYR,A,O67517,174.0,Y,Y,E,Y,E
170,170,170,170,170,175.0,A,T,E,175.0,THR,A,O67517,175.0,T,T,E,T,E
171,171,171,171,171,176.0,A,V,C,176.0,VAL,A,O67517,176.0,V,V,C,V,C
172,172,172,172,172,177.0,A,P,C,177.0,PRO,A,O67517,177.0,P,P,C,P,C
173,173,173,173,173,178.0,A,E,C,178.0,GLU,A,O67517,178.0,E,E,C,E,C
174,174,174,174,174,179.0,A,E,C,179.0,GLU,A,O67517,179.0,E,E,C,E,C
175,175,175,175,175,180.0,A,L,H,180.0,LEU,A,O67517,180.0,L,L,H,L,H
176,176,176,176,176,181.0,A,Y,H,181.0,TYR,A,O67517,181.0,Y,Y,H,Y,H
177,177,177,177,177,182.0,A,E,H,182.0,GLU,A,O67517,182.0,E,E,H,E,H
178,178,178,178,178,183.0,A,V,H,183.0,VAL,A,O67517,183.0,V,V,H,V,H
179,179,179,179,179,184.0,A,K,H,184.0,LYS,A,O67517,184.0,K,K,H,K,H
180,180,180,180,180,185.0,A,E,H,185.0,GLU,A,O67517,185.0,E,E,H,E,H
181,181,181,181,181,186.0,A,N,H,186.0,ASN,A,O67517,186.0,N,N,H,N,H
182,182,182,182,182,187.0,A,L,H,187.0,LEU,A,O67517,187.0,L,L,H,L,H
183,183,183,183,183,188.0,A,E,H,188.0,GLU,A,O67517,188.0,E,E,H,E,H
184,184,184,184,184,189.0,A,K,C,189.0,LYS,A,O67517,189.0,K,K,H,K,C
185,185,185,185,185,190.0,A,L,C,190.0,LEU,A,O67517,190.0,L,L,C,L,C
186,186,186,186,186,191.0,A,G,C,191.0,GLY,A,O67517,191.0,G,G,C,G,C
187,187,187,187,187,192.0,A,V,C,192.0,VAL,A,O67517,192.0,V,V,C,V,C
188,188,188,188,188,193.0,A,P,C,193.0,PRO,A,O67517,193.0,P,P,C,P,C
189,189,189,189,189,194.0,A,I,C,194.0,ILE,A,O67517,194.0,I,I,C,I,C
190,190,190,190,190,195.0,A,E,C,195.0,GLU,A,O67517,195.0,E,E,C,E,C
191,191,191,191,191,196.0,A,K,E,196.0,LYS,A,O67517,196.0,K,K,E,K,E
192,192,192,192,192,197.0,A,A,E,197.0,ALA,A,O67517,197.0,A,A,E,A,E
193,193,193,193,193,198.0,A,Q,E,198.0,GLN,A,O67517,198.0,Q,Q,E,Q,E
194,194,194,194,194,199.0,A,I,E,199.0,ILE,A,O67517,199.0,I,I,E,I,E
195,195,195,195,195,200.0,A,T,E,200.0,THR,A,O67517,200.0,T,T,E,T,E
196,196,196,196,196,201.0,A,W,E,201.0,TRP,A,O67517,201.0,W,W,E,W,E
197,197,197,197,197,202.0,A,K,E,202.0,LYS,A,O67517,202.0,K,K,E,K,E
198,198,198,198,198,203.0,A,P,E,203.0,PRO,A,O67517,203.0,P,P,E,P,E
199,199,199,199,199,204.0,A,I,C,204.0,ILE,A,O67517,204.0,I,I,C,I,C
200,200,200,200,200,205.0,A,S,C,205.0,SER,A,O67517,205.0,S,S,C,S,C
201,201,201,201,201,206.0,A,T,C,206.0,THR,A,O67517,206.0,T,T,C,T,C
202,202,202,202,202,207.0,A,V,E,207.0,VAL,A,O67517,207.0,V,V,E,V,E
203,203,203,203,203,208.0,A,Q,E,208.0,GLN,A,O67517,208.0,Q,Q,E,Q,E
204,204,204,204,204,209.0,A,I,C,209.0,ILE,A,O67517,209.0,I,I,C,I,C
205,205,205,205,205,210.0,A,N,C,210.0,ASN,A,O67517,210.0,N,N,C,N,C
206,206,206,206,206,211.0,A,D,C,211.0,ASP,A,O67517,211.0,D,D,C,D,C
207,207,207,207,207,212.0,A,E,H,212.0,GLU,A,O67517,212.0,E,E,H,E,H
208,208,208,208,208,213.0,A,E,H,213.0,GLU,A,O67517,213.0,E,E,H,E,H
209,209,209,209,209,214.0,A,T,H,214.0,THR,A,O67517,214.0,T,T,H,T,H
210,210,210,210,210,215.0,A,A,H,215.0,ALA,A,O67517,215.0,A,A,H,A,H
211,211,211,211,211,216.0,A,Q,H,216.0,GLN,A,O67517,216.0,Q,Q,H,Q,H
212,212,212,212,212,217.0,A,K,H,217.0,LYS,A,O67517,217.0,K,K,H,K,H
213,213,213,213,213,218.0,A,V,H,218.0,VAL,A,O67517,218.0,V,V,H,V,H
214,214,214,214,214,219.0,A,I,H,219.0,ILE,A,O67517,219.0,I,I,H,I,H
215,215,215,215,215,220.0,A,K,H,220.0,LYS,A,O67517,220.0,K,K,H,K,H
216,216,216,216,216,221.0,A,L,H,221.0,LEU,A,O67517,221.0,L,L,H,L,H
217,217,217,217,217,222.0,A,L,H,222.0,LEU,A,O67517,222.0,L,L,H,L,H
218,218,218,218,218,223.0,A,N,H,223.0,ASN,A,O67517,223.0,N,N,H,N,H
219,219,219,219,219,224.0,A,A,H,224.0,ALA,A,O67517,224.0,A,A,H,A,H
220,220,220,220,220,225.0,A,L,H,225.0,LEU,A,O67517,225.0,L,L,H,L,H
221,221,221,221,221,226.0,A,E,H,226.0,GLU,A,O67517,226.0,E,E,H,E,H
222,222,222,222,222,227.0,A,E,C,227.0,GLU,A,O67517,227.0,E,E,C,E,C
223,223,223,223,223,228.0,A,L,C,228.0,LEU,A,O67517,228.0,L,L,C,L,C
224,224,224,224,224,229.0,A,D,C,229.0,ASP,A,O67517,229.0,D,D,C,D,C
225,225,225,225,225,230.0,A,D,C,230.0,ASP,A,O67517,230.0,D,D,C,D,C
226,226,226,226,226,231.0,A,V,E,231.0,VAL,A,O67517,231.0,V,V,E,V,E
227,227,227,227,227,232.0,A,Q,E,232.0,GLN,A,O67517,232.0,Q,Q,E,Q,E
228,228,228,228,228,233.0,A,Q,E,233.0,GLN,A,O67517,233.0,Q,Q,E,Q,E
229,229,229,229,229,234.0,A,V,E,234.0,VAL,A,O67517,234.0,V,V,E,V,E
230,230,230,230,230,235.0,A,I,E,235.0,ILE,A,O67517,235.0,I,I,E,I,E
231,231,231,231,231,236.0,A,A,E,236.0,ALA,A,O67517,236.0,A,A,E,A,E
232,232,232,232,232,237.0,A,N,C,237.0,ASN,A,O67517,237.0,N,N,C,N,C
233,233,233,233,233,238.0,A,F,E,238.0,PHE,A,O67517,238.0,F,F,E,F,E
234,234,234,234,234,239.0,A,E,E,239.0,GLU,A,O67517,239.0,E,E,E,E,E
235,235,235,235,235,240.0,A,I,C,240.0,ILE,A,O67517,240.0,I,I,C,I,C
236,236,236,236,236,241.0,A,P,C,241.0,PRO,A,O67517,241.0,P,P,C,P,C
237,237,237,237,237,242.0,A,E,C,242.0,GLU,A,O67517,242.0,E,E,H,E,C
238,238,238,238,238,243.0,A,E,C,243.0,GLU,A,O67517,243.0,E,E,H,E,C
239,239,239,239,239,244.0,A,I,C,244.0,ILE,A,O67517,244.0,I,I,H,I,C
240,240,240,240,240,245.0,A,L,C,245.0,LEU,A,O67517,245.0,L,L,H,L,C
241,241,241,241,241,246.0,A,Q,C,246.0,GLN,A,O67517,246.0,Q,Q,H,Q,C
242,242,242,242,242,247.0,A,K,C,247.0,LYS,A,O67517,247.0,K,K,H,K,C
