,Unnamed: 0,index,pdbx_PDB_model_num,label_asym_id,label_seq_id,group_PDB,id,type_symbol,label_atom_id,label_alt_id,label_comp_id,label_entity_id,pdbx_PDB_ins_code,Cartn_x,Cartn_y,Cartn_z,occupancy,B_iso_or_equiv,pdbx_formal_charge,auth_seq_id,auth_comp_id,auth_asym_id,auth_atom_id,pdbx_label_index,pdbx_sifts_xref_db_name,pdbx_sifts_xref_db_acc,pdbx_sifts_xref_db_num,pdbx_sifts_xref_db_res,label_seq_id_full,auth_seq_id_full,RES,CHAIN,AA,SS,ACC,TCO,KAPPA,ALPHA,PHI,PSI,CHAIN_FULL,SS_CLASS,RSA,PDB_regionId,PDB_regionStart,PDB_regionEnd,PDB_regionResNum,PDB_dbAccessionId,PDB_dbResNum,PDB_dbResName,PDB_dbChainId,PDB_Annotation,PDB_entityId,CATH_regionId,CATH_regionStart,CATH_regionEnd,CATH_regionResNum,CATH_dbAccessionId,SCOP_regionId,SCOP_regionStart,SCOP_regionEnd,SCOP_regionResNum,SCOP_dbAccessionId,PDB_codeSecondaryStructure,PDB_nameSecondaryStructure,UniProt_regionId,UniProt_regionStart,UniProt_regionEnd,UniProt_regionResNum,UniProt_dbAccessionId,UniProt_dbResNum,UniProt_dbResName,Pfam_regionId,Pfam_regionStart,Pfam_regionEnd,Pfam_regionResNum,Pfam_dbAccessionId,SCOP2_regionId,SCOP2_regionStart,SCOP2_regionEnd,SCOP2_regionResNum,SCOP2_dbAccessionId
2,2,18,1,A,3,ATOM,15,N,N,.,MET,1,?,-19.98775,-30.204,-3.90175,1.0,54.2,?,1,MET,A,N,3,UNP,Q9HYE3,1,M,3,1,1.0,A,M,E,83.0,-0.872,22.8,-105.5,-118.6,157.5,A,E,44.148999999999994,2.0,3.0,78.0,3.0,1y0n,1.0,MET,A,Observed,A,2.0,3.0,78.0,3.0,1.10.10.610,2.0,3.0,78.0,3.0,116305.0,E,strand,1,3.0,78.0,3.0,Q9HYE3,1.0,M,1,3.0,70.0,3.0,PF06794,2,3.0,78.0,3.0,"['FA-DOMID:8031860', 'SF-DOMID:8044238']"
3,3,26,1,A,4,ATOM,23,N,N,.,LEU,1,?,-17.833375,-28.698625,-0.035750000000000004,1.0,47.355,?,2,LEU,A,N,4,UNP,Q9HYE3,2,L,4,2,2.0,A,L,E,34.0,-0.662,31.2,-170.9,-79.8,137.5,A,E,20.732,2.0,3.0,78.0,4.0,1y0n,2.0,LEU,A,Observed,A,2.0,3.0,78.0,4.0,1.10.10.610,2.0,3.0,78.0,4.0,116305.0,E,strand,1,3.0,78.0,4.0,Q9HYE3,2.0,L,1,3.0,70.0,4.0,PF06794,2,3.0,78.0,4.0,"['FA-DOMID:8031860', 'SF-DOMID:8044238']"
6,6,59,1,A,7,ATOM,46,N,N,.,HIS,1,?,-8.8724,-33.419000000000004,2.5309,1.0,42.729,?,5,HIS,A,N,7,UNP,Q9HYE3,5,H,7,5,5.0,A,H,G,50.0,0.8029999999999999,105.8,61.7,-55.2,-34.7,A,C,27.174,2.0,3.0,78.0,7.0,1y0n,5.0,HIS,A,Observed,A,2.0,3.0,78.0,7.0,1.10.10.610,2.0,3.0,78.0,7.0,116305.0,H,helix,1,3.0,78.0,7.0,Q9HYE3,5.0,H,1,3.0,70.0,7.0,PF06794,2,3.0,78.0,7.0,"['FA-DOMID:8031860', 'SF-DOMID:8044238']"
7,7,69,1,A,8,ATOM,56,N,N,.,ASP,1,?,-10.128,-37.18825,3.123375,1.0,49.64625,?,6,ASP,A,N,8,UNP,Q9HYE3,6,D,8,6,6.0,A,D,G,126.0,0.564,95.6,61.0,-74.0,-8.1,A,C,77.301,2.0,3.0,78.0,8.0,1y0n,6.0,ASP,A,Observed,A,2.0,3.0,78.0,8.0,1.10.10.610,2.0,3.0,78.0,8.0,116305.0,H,helix,1,3.0,78.0,8.0,Q9HYE3,6.0,D,1,3.0,70.0,8.0,PF06794,2,3.0,78.0,8.0,"['FA-DOMID:8031860', 'SF-DOMID:8044238']"
8,8,70,1,A,9,ATOM,64,N,N,.,LEU,1,?,-12.92775,-38.42825,-0.71475,1.0,47.57875,?,7,LEU,A,N,9,UNP,Q9HYE3,7,L,9,7,7.0,A,L,G,128.0,0.615,89.8,104.8,-87.0,-12.8,A,C,78.04899999999999,2.0,3.0,78.0,9.0,1y0n,7.0,LEU,A,Observed,A,2.0,3.0,78.0,9.0,1.10.10.610,2.0,3.0,78.0,9.0,116305.0,H,helix,1,3.0,78.0,9.0,Q9HYE3,7.0,L,1,3.0,70.0,9.0,PF06794,2,3.0,78.0,9.0,"['FA-DOMID:8031860', 'SF-DOMID:8044238']"
9,9,1,1,A,10,ATOM,72,N,N,.,LEU,1,?,-9.478,-36.270375,-3.2665,1.0,44.41375,?,8,LEU,A,N,10,UNP,Q9HYE3,8,L,10,8,8.0,A,L,S,35.0,-0.39299999999999996,82.2,-108.5,-84.0,143.9,A,C,21.340999999999998,2.0,3.0,78.0,10.0,1y0n,8.0,LEU,A,Observed,A,2.0,3.0,78.0,10.0,1.10.10.610,2.0,3.0,78.0,10.0,116305.0,H,helix,1,3.0,78.0,10.0,Q9HYE3,8.0,L,1,3.0,70.0,10.0,PF06794,2,3.0,78.0,10.0,"['FA-DOMID:8031860', 'SF-DOMID:8044238']"
11,11,3,1,A,12,ATOM,89,N,N,.,ALA,1,?,-3.5346,-38.0356,-4.4772,1.0,48.102,?,10,ALA,A,N,12,UNP,Q9HYE3,10,A,12,10,10.0,A,A,H,64.0,0.8540000000000001,105.7,46.4,-57.7,-38.5,A,H,60.376999999999995,2.0,3.0,78.0,12.0,1y0n,10.0,ALA,A,Observed,A,2.0,3.0,78.0,12.0,1.10.10.610,2.0,3.0,78.0,12.0,116305.0,H,helix,1,3.0,78.0,12.0,Q9HYE3,10.0,A,1,3.0,70.0,12.0,PF06794,2,3.0,78.0,12.0,"['FA-DOMID:8031860', 'SF-DOMID:8044238']"
12,12,4,1,A,13,ATOM,94,N,N,.,ASP,1,?,-2.040625,-37.421375,-8.087375,1.0,51.92375,?,11,ASP,A,N,13,UNP,Q9HYE3,11,D,13,11,11.0,A,D,H,102.0,0.857,110.6,50.4,-72.4,-39.7,A,H,62.577,2.0,3.0,78.0,13.0,1y0n,11.0,ASP,A,Observed,A,2.0,3.0,78.0,13.0,1.10.10.610,2.0,3.0,78.0,13.0,116305.0,H,helix,1,3.0,78.0,13.0,Q9HYE3,11.0,D,1,3.0,70.0,13.0,PF06794,2,3.0,78.0,13.0,"['FA-DOMID:8031860', 'SF-DOMID:8044238']"
13,13,5,1,A,14,ATOM,102,N,N,.,THR,1,?,-6.184428571428571,-34.818571428571424,-8.034285714285714,1.0,44.50714285714286,?,12,THR,A,N,14,UNP,Q9HYE3,12,T,14,12,12.0,A,T,H,55.0,0.94,110.6,52.2,-64.4,-39.7,A,H,38.732,2.0,3.0,78.0,14.0,1y0n,12.0,THR,A,Observed,A,2.0,3.0,78.0,14.0,1.10.10.610,2.0,3.0,78.0,14.0,116305.0,H,helix,1,3.0,78.0,14.0,Q9HYE3,12.0,T,1,3.0,70.0,14.0,PF06794,2,3.0,78.0,14.0,"['FA-DOMID:8031860', 'SF-DOMID:8044238']"
14,14,6,1,A,15,ATOM,109,N,N,.,LEU,1,?,-4.96325,-33.0965,-3.47325,1.0,37.225,?,13,LEU,A,N,15,UNP,Q9HYE3,13,L,15,13,13.0,A,L,H,15.0,0.897,108.9,50.2,-58.7,-39.9,A,H,9.146,2.0,3.0,78.0,15.0,1y0n,13.0,LEU,A,Observed,A,2.0,3.0,78.0,15.0,1.10.10.610,2.0,3.0,78.0,15.0,116305.0,H,helix,1,3.0,78.0,15.0,Q9HYE3,13.0,L,1,3.0,70.0,15.0,PF06794,2,3.0,78.0,15.0,"['FA-DOMID:8031860', 'SF-DOMID:8044238']"
15,15,7,1,A,16,ATOM,117,N,N,.,ASN,1,?,-0.8755000000000001,-33.21575,-5.178,1.0,41.7525,?,14,ASN,A,N,16,UNP,Q9HYE3,14,N,16,14,14.0,A,N,H,55.0,0.91,111.0,48.3,-64.8,-43.0,A,H,35.032,2.0,3.0,78.0,16.0,1y0n,14.0,ASN,A,Observed,A,2.0,3.0,78.0,16.0,1.10.10.610,2.0,3.0,78.0,16.0,116305.0,H,helix,1,3.0,78.0,16.0,Q9HYE3,14.0,N,1,3.0,70.0,16.0,PF06794,2,3.0,78.0,16.0,"['FA-DOMID:8031860', 'SF-DOMID:8044238']"
16,16,8,1,A,17,ATOM,125,N,N,.,ASN,1,?,-2.412875,-31.325375,-9.300875,1.0,39.70375,?,15,ASN,A,N,17,UNP,Q9HYE3,15,N,17,15,15.0,A,N,H,95.0,0.875,111.4,49.9,-62.4,-45.6,A,H,60.51,2.0,3.0,78.0,17.0,1y0n,15.0,ASN,A,Observed,A,2.0,3.0,78.0,17.0,1.10.10.610,2.0,3.0,78.0,17.0,116305.0,H,helix,1,3.0,78.0,17.0,Q9HYE3,15.0,N,1,3.0,70.0,17.0,PF06794,2,3.0,78.0,17.0,"['FA-DOMID:8031860', 'SF-DOMID:8044238']"
17,17,9,1,A,18,ATOM,133,N,N,.,LEU,1,?,-6.060375,-29.134,-6.496875,1.0,32.93625,?,16,LEU,A,N,18,UNP,Q9HYE3,16,L,18,16,16.0,A,L,H,18.0,0.898,111.8,49.5,-59.2,-41.9,A,H,10.975999999999999,2.0,3.0,78.0,18.0,1y0n,16.0,LEU,A,Observed,A,2.0,3.0,78.0,18.0,1.10.10.610,2.0,3.0,78.0,18.0,116305.0,H,helix,1,3.0,78.0,18.0,Q9HYE3,16.0,L,1,3.0,70.0,18.0,PF06794,2,3.0,78.0,18.0,"['FA-DOMID:8031860', 'SF-DOMID:8044238']"
18,18,10,1,A,19,ATOM,141,N,N,.,LEU,1,?,-2.356625,-28.269125,-3.143625,1.0,31.67875,?,17,LEU,A,N,19,UNP,Q9HYE3,17,L,19,17,17.0,A,L,H,0.0,0.937,112.2,47.0,-64.2,-46.3,A,H,0.0,2.0,3.0,78.0,19.0,1y0n,17.0,LEU,A,Observed,A,2.0,3.0,78.0,19.0,1.10.10.610,2.0,3.0,78.0,19.0,116305.0,H,helix,1,3.0,78.0,19.0,Q9HYE3,17.0,L,1,3.0,70.0,19.0,PF06794,2,3.0,78.0,19.0,"['FA-DOMID:8031860', 'SF-DOMID:8044238']"
19,19,12,1,A,20,ATOM,149,N,N,.,GLU,1,?,1.074,-26.95822222222223,-7.834222222222221,1.0,39.70222222222222,?,18,GLU,A,N,20,UNP,Q9HYE3,18,E,20,18,18.0,A,E,H,92.0,0.9259999999999999,112.0,50.7,-60.8,-46.1,A,H,47.423,2.0,3.0,78.0,20.0,1y0n,18.0,GLU,A,Observed,A,2.0,3.0,78.0,20.0,1.10.10.610,2.0,3.0,78.0,20.0,116305.0,H,helix,1,3.0,78.0,20.0,Q9HYE3,18.0,E,1,3.0,70.0,20.0,PF06794,2,3.0,78.0,20.0,"['FA-DOMID:8031860', 'SF-DOMID:8044238']"
20,20,13,1,A,21,ATOM,158,N,N,.,ASP,1,?,-3.18325,-25.103375,-9.045375,1.0,36.28125,?,19,ASP,A,N,21,UNP,Q9HYE3,19,D,21,19,19.0,A,D,H,104.0,0.938,111.3,49.9,-53.6,-47.7,A,H,63.803999999999995,2.0,3.0,78.0,21.0,1y0n,19.0,ASP,A,Observed,A,2.0,3.0,78.0,21.0,1.10.10.610,2.0,3.0,78.0,21.0,116305.0,H,helix,1,3.0,78.0,21.0,Q9HYE3,19.0,D,1,3.0,70.0,21.0,PF06794,2,3.0,78.0,21.0,"['FA-DOMID:8031860', 'SF-DOMID:8044238']"
21,21,14,1,A,22,ATOM,166,N,N,.,PHE,1,?,-4.277363636363637,-22.38936363636364,-3.295,1.0,33.82818181818182,?,20,PHE,A,N,22,UNP,Q9HYE3,20,F,22,20,20.0,A,F,H,17.0,0.9279999999999999,109.1,48.2,-63.1,-49.5,A,H,8.629,2.0,3.0,78.0,22.0,1y0n,20.0,PHE,A,Observed,A,2.0,3.0,78.0,22.0,1.10.10.610,2.0,3.0,78.0,22.0,116305.0,H,helix,1,3.0,78.0,22.0,Q9HYE3,20.0,F,1,3.0,70.0,22.0,PF06794,2,3.0,78.0,22.0,"['FA-DOMID:8031860', 'SF-DOMID:8044238']"
22,22,15,1,A,23,ATOM,177,N,N,.,VAL,1,?,0.2394285714285714,-22.254285714285718,-3.957,1.0,37.104285714285716,?,21,VAL,A,N,23,UNP,Q9HYE3,21,V,23,21,21.0,A,V,H,28.0,0.64,118.6,41.2,-75.8,-8.8,A,H,19.718,2.0,3.0,78.0,23.0,1y0n,21.0,VAL,A,Observed,A,2.0,3.0,78.0,23.0,1.10.10.610,2.0,3.0,78.0,23.0,116305.0,H,helix,1,3.0,78.0,23.0,Q9HYE3,21.0,V,1,3.0,70.0,23.0,PF06794,2,3.0,78.0,23.0,"['FA-DOMID:8031860', 'SF-DOMID:8044238']"
23,23,16,1,A,24,ATOM,184,N,N,.,THR,1,?,0.5705714285714285,-20.82057142857143,-8.045142857142856,1.0,45.621428571428574,?,22,THR,A,N,24,UNP,Q9HYE3,22,T,24,22,22.0,A,T,H,84.0,0.391,360.0,360.0,-109.7,6.9,A,H,59.155,2.0,3.0,78.0,24.0,1y0n,22.0,THR,A,Observed,A,2.0,3.0,78.0,24.0,1.10.10.610,2.0,3.0,78.0,24.0,116305.0,H,helix,1,3.0,78.0,24.0,Q9HYE3,22.0,T,1,3.0,70.0,24.0,PF06794,2,3.0,78.0,24.0,"['FA-DOMID:8031860', 'SF-DOMID:8044238']"
28,28,22,1,A,36,ATOM,225,N,N,.,LEU,1,?,6.11175,-25.2575,-4.437,1.0,41.1225,?,34,LEU,A,N,36,UNP,Q9HYE3,34,L,36,34,34.0,A,L,H,59.0,0.848,114.7,53.5,-48.7,-51.4,A,H,35.976,2.0,3.0,78.0,36.0,1y0n,34.0,LEU,A,Observed,A,2.0,3.0,78.0,36.0,1.10.10.610,2.0,3.0,78.0,36.0,116305.0,H,helix,1,3.0,78.0,36.0,Q9HYE3,34.0,L,1,3.0,70.0,36.0,PF06794,2,3.0,78.0,36.0,"['FA-DOMID:8031860', 'SF-DOMID:8044238']"
29,29,23,1,A,37,ATOM,233,N,N,.,ASP,1,?,7.253125,-28.393875,-0.5868749999999999,1.0,43.51875,?,35,ASP,A,N,37,UNP,Q9HYE3,35,D,37,35,35.0,A,D,H,108.0,0.8340000000000001,107.5,50.4,-60.4,-39.1,A,H,66.258,2.0,3.0,78.0,37.0,1y0n,35.0,ASP,A,Observed,A,2.0,3.0,78.0,37.0,1.10.10.610,2.0,3.0,78.0,37.0,116305.0,H,helix,1,3.0,78.0,37.0,Q9HYE3,35.0,D,1,3.0,70.0,37.0,PF06794,2,3.0,78.0,37.0,"['FA-DOMID:8031860', 'SF-DOMID:8044238']"
30,30,24,1,A,38,ATOM,241,N,N,.,VAL,1,?,6.8900000000000015,-25.015285714285717,2.005142857142857,1.0,35.675714285714285,?,36,VAL,A,N,38,UNP,Q9HYE3,36,V,38,36,36.0,A,V,H,54.0,0.8909999999999999,111.5,48.6,-61.8,-46.7,A,H,38.028,2.0,3.0,78.0,38.0,1y0n,36.0,VAL,A,Observed,A,2.0,3.0,78.0,38.0,1.10.10.610,2.0,3.0,78.0,38.0,116305.0,H,helix,1,3.0,78.0,38.0,Q9HYE3,36.0,V,1,3.0,70.0,38.0,PF06794,2,3.0,78.0,38.0,"['FA-DOMID:8031860', 'SF-DOMID:8044238']"
31,31,25,1,A,39,ATOM,248,N,N,.,ARG,1,?,4.376545454545455,-22.231909090909085,-1.6448181818181815,1.0,43.45181818181818,?,37,ARG,A,N,39,UNP,Q9HYE3,37,R,39,37,37.0,A,R,H,61.0,0.9009999999999999,110.6,51.5,-61.7,-39.5,A,H,24.596999999999998,2.0,3.0,78.0,39.0,1y0n,37.0,ARG,A,Observed,A,2.0,3.0,78.0,39.0,1.10.10.610,2.0,3.0,78.0,39.0,116305.0,H,helix,1,3.0,78.0,39.0,Q9HYE3,37.0,R,1,3.0,70.0,39.0,PF06794,2,3.0,78.0,39.0,"['FA-DOMID:8031860', 'SF-DOMID:8044238']"
32,32,27,1,A,40,ATOM,259,N,N,.,VAL,1,?,2.023285714285714,-27.438000000000002,-0.7315714285714287,1.0,30.31142857142857,?,38,VAL,A,N,40,UNP,Q9HYE3,38,V,40,38,38.0,A,V,H,18.0,0.895,109.3,49.9,-63.9,-43.3,A,H,12.675999999999998,2.0,3.0,78.0,40.0,1y0n,38.0,VAL,A,Observed,A,2.0,3.0,78.0,40.0,1.10.10.610,2.0,3.0,78.0,40.0,116305.0,H,helix,1,3.0,78.0,40.0,Q9HYE3,38.0,V,1,3.0,70.0,40.0,PF06794,2,3.0,78.0,40.0,"['FA-DOMID:8031860', 'SF-DOMID:8044238']"
33,33,28,1,A,41,ATOM,266,N,N,.,GLU,1,?,3.0723333333333334,-29.208444444444442,3.504666666666667,1.0,37.463333333333345,?,39,GLU,A,N,41,UNP,Q9HYE3,39,E,41,39,39.0,A,E,H,90.0,0.871,108.5,52.3,-65.2,-37.3,A,H,46.391999999999996,2.0,3.0,78.0,41.0,1y0n,39.0,GLU,A,Observed,A,2.0,3.0,78.0,41.0,1.10.10.610,2.0,3.0,78.0,41.0,116305.0,H,helix,1,3.0,78.0,41.0,Q9HYE3,39.0,E,1,3.0,70.0,41.0,PF06794,2,3.0,78.0,41.0,"['FA-DOMID:8031860', 'SF-DOMID:8044238']"
34,34,29,1,A,42,ATOM,275,N,N,.,ARG,1,?,2.7832727272727267,-22.70309090909091,4.405181818181818,1.0,34.00363636363637,?,40,ARG,A,N,42,UNP,Q9HYE3,40,R,42,40,40.0,A,R,H,153.0,0.892,110.8,48.8,-61.7,-40.2,A,H,61.693999999999996,2.0,3.0,78.0,42.0,1y0n,40.0,ARG,A,Observed,A,2.0,3.0,78.0,42.0,1.10.10.610,2.0,3.0,78.0,42.0,116305.0,H,helix,1,3.0,78.0,42.0,Q9HYE3,40.0,R,1,3.0,70.0,42.0,PF06794,2,3.0,78.0,42.0,"['FA-DOMID:8031860', 'SF-DOMID:8044238']"
35,35,30,1,A,43,ATOM,286,N,N,.,ALA,1,?,-2.081,-25.9012,2.271,1.0,28.676,?,41,ALA,A,N,43,UNP,Q9HYE3,41,A,43,41,41.0,A,A,H,5.0,0.861,107.8,53.6,-68.6,-35.8,A,H,4.717,2.0,3.0,78.0,43.0,1y0n,41.0,ALA,A,Observed,A,2.0,3.0,78.0,43.0,1.10.10.610,2.0,3.0,78.0,43.0,116305.0,H,helix,1,3.0,78.0,43.0,Q9HYE3,41.0,A,1,3.0,70.0,43.0,PF06794,2,3.0,78.0,43.0,"['FA-DOMID:8031860', 'SF-DOMID:8044238']"
36,36,31,1,A,44,ATOM,291,N,N,.,ARG,1,?,-1.1424545454545454,-31.002181818181814,2.1377272727272727,1.0,36.346363636363634,?,42,ARG,A,N,44,UNP,Q9HYE3,42,R,44,42,42.0,A,R,H,64.0,0.848,109.2,49.0,-64.2,-40.1,A,H,25.805999999999997,2.0,3.0,78.0,44.0,1y0n,42.0,ARG,A,Observed,A,2.0,3.0,78.0,44.0,1.10.10.610,2.0,3.0,78.0,44.0,116305.0,H,helix,1,3.0,78.0,44.0,Q9HYE3,42.0,R,1,3.0,70.0,44.0,PF06794,2,3.0,78.0,44.0,"['FA-DOMID:8031860', 'SF-DOMID:8044238']"
37,37,32,1,A,45,ATOM,302,N,N,.,HIS,1,?,-1.99,-27.2709,8.6557,1.0,33.785000000000004,?,43,HIS,A,N,45,UNP,Q9HYE3,43,H,45,43,43.0,A,H,H,96.0,0.89,108.4,53.5,-62.6,-44.6,A,H,52.174,2.0,3.0,78.0,45.0,1y0n,43.0,HIS,A,Observed,A,2.0,3.0,78.0,45.0,1.10.10.610,2.0,3.0,78.0,45.0,116305.0,H,helix,1,3.0,78.0,45.0,Q9HYE3,43.0,H,1,3.0,70.0,45.0,PF06794,2,3.0,78.0,45.0,"['FA-DOMID:8031860', 'SF-DOMID:8044238']"
38,38,33,1,A,46,ATOM,312,N,N,.,ALA,1,?,-5.2894,-25.559,5.8628,1.0,28.281999999999996,?,44,ALA,A,N,46,UNP,Q9HYE3,44,A,46,44,44.0,A,A,H,19.0,0.893,109.4,49.3,-58.9,-39.2,A,H,17.925,2.0,3.0,78.0,46.0,1y0n,44.0,ALA,A,Observed,A,2.0,3.0,78.0,46.0,1.10.10.610,2.0,3.0,78.0,46.0,116305.0,H,helix,1,3.0,78.0,46.0,Q9HYE3,44.0,A,1,3.0,70.0,46.0,PF06794,2,3.0,78.0,46.0,"['FA-DOMID:8031860', 'SF-DOMID:8044238']"
39,39,34,1,A,47,ATOM,317,N,N,.,LEU,1,?,-6.989125,-28.669125,3.686625,1.0,29.005000000000006,?,45,LEU,A,N,47,UNP,Q9HYE3,45,L,47,45,45.0,A,L,H,9.0,0.93,110.7,49.7,-66.4,-43.8,A,H,5.4879999999999995,2.0,3.0,78.0,47.0,1y0n,45.0,LEU,A,Observed,A,2.0,3.0,78.0,47.0,1.10.10.610,2.0,3.0,78.0,47.0,116305.0,H,helix,1,3.0,78.0,47.0,Q9HYE3,45.0,L,1,3.0,70.0,47.0,PF06794,2,3.0,78.0,47.0,"['FA-DOMID:8031860', 'SF-DOMID:8044238']"
40,40,35,1,A,48,ATOM,325,N,N,.,ARG,1,?,-4.2080909090909095,-30.96527272727273,7.959545454545455,1.0,35.32818181818182,?,46,ARG,A,N,48,UNP,Q9HYE3,46,R,48,46,46.0,A,R,H,146.0,0.8390000000000001,112.4,47.1,-59.9,-36.2,A,H,58.871,2.0,3.0,78.0,48.0,1y0n,46.0,ARG,A,Observed,A,2.0,3.0,78.0,48.0,1.10.10.610,2.0,3.0,78.0,48.0,116305.0,H,helix,1,3.0,78.0,48.0,Q9HYE3,46.0,R,1,3.0,70.0,48.0,PF06794,2,3.0,78.0,48.0,"['FA-DOMID:8031860', 'SF-DOMID:8044238']"
41,41,36,1,A,49,ATOM,336,N,N,.,ARG,1,?,-6.617636363636364,-25.48336363636364,11.104727272727272,1.0,30.865454545454543,?,47,ARG,A,N,49,UNP,Q9HYE3,47,R,49,47,47.0,A,R,T,144.0,0.46399999999999997,113.0,-120.8,-82.8,-1.3,A,C,58.065,2.0,3.0,78.0,49.0,1y0n,47.0,ARG,A,Observed,A,2.0,3.0,78.0,49.0,1.10.10.610,2.0,3.0,78.0,49.0,116305.0,H,helix,1,3.0,78.0,49.0,Q9HYE3,47.0,R,1,3.0,70.0,49.0,PF06794,2,3.0,78.0,49.0,"['FA-DOMID:8031860', 'SF-DOMID:8044238']"
42,42,38,1,A,50,ATOM,347,N,N,.,GLY,1,?,-10.58475,-25.83,7.45175,1.0,30.6225,?,48,GLY,A,N,50,UNP,Q9HYE3,48,G,50,48,48.0,A,G,T,21.0,0.634,83.2,118.6,65.3,18.9,A,C,25.0,2.0,3.0,78.0,50.0,1y0n,48.0,GLY,A,Observed,A,2.0,3.0,78.0,50.0,1.10.10.610,2.0,3.0,78.0,50.0,116305.0,T,loop,1,3.0,78.0,50.0,Q9HYE3,48.0,G,1,3.0,70.0,50.0,PF06794,2,3.0,78.0,50.0,"['FA-DOMID:8031860', 'SF-DOMID:8044238']"
43,43,39,1,A,51,ATOM,351,N,N,.,GLU,1,?,-8.468444444444447,-22.51466666666667,7.900111111111111,1.0,33.924444444444454,?,49,GLU,A,N,51,UNP,Q9HYE3,49,E,51,49,49.0,A,E,S,94.0,0.626,77.7,40.0,-89.1,-14.5,A,C,48.45399999999999,2.0,3.0,78.0,51.0,1y0n,49.0,GLU,A,Observed,A,2.0,3.0,78.0,51.0,1.10.10.610,2.0,3.0,78.0,51.0,116305.0,T,loop,1,3.0,78.0,51.0,Q9HYE3,49.0,E,1,3.0,70.0,51.0,PF06794,2,3.0,78.0,51.0,"['FA-DOMID:8031860', 'SF-DOMID:8044238']"
44,44,40,1,A,52,ATOM,360,N,N,.,ALA,1,?,-9.13,-24.8026,3.2539999999999996,1.0,28.834000000000003,?,50,ALA,A,N,52,UNP,Q9HYE3,50,A,52,50,50.0,A,A,E,2.0,-0.9179999999999999,78.2,-176.4,-121.0,147.9,A,E,1.8869999999999998,2.0,3.0,78.0,52.0,1y0n,50.0,ALA,A,Observed,A,2.0,3.0,78.0,52.0,1.10.10.610,2.0,3.0,78.0,52.0,116305.0,E,strand,1,3.0,78.0,52.0,Q9HYE3,50.0,A,1,3.0,70.0,52.0,PF06794,2,3.0,78.0,52.0,"['FA-DOMID:8031860', 'SF-DOMID:8044238']"
45,45,41,1,A,53,ATOM,365,N,N,.,VAL,1,?,-12.186857142857141,-25.750571428571426,1.2007142857142856,1.0,28.964285714285715,?,51,VAL,A,N,53,UNP,Q9HYE3,51,V,53,51,51.0,A,V,E,15.0,-0.835,24.2,-115.7,-135.5,170.6,A,E,10.562999999999999,2.0,3.0,78.0,53.0,1y0n,51.0,VAL,A,Observed,A,2.0,3.0,78.0,53.0,1.10.10.610,2.0,3.0,78.0,53.0,116305.0,E,strand,1,3.0,78.0,53.0,Q9HYE3,51.0,V,1,3.0,70.0,53.0,PF06794,2,3.0,78.0,53.0,"['FA-DOMID:8031860', 'SF-DOMID:8044238']"
46,46,42,1,A,54,ATOM,372,N,N,.,ILE,1,?,-12.050375,-28.912,-1.9665,1.0,32.42,?,52,ILE,A,N,54,UNP,Q9HYE3,52,I,54,52,52.0,A,I,E,2.0,-0.978,21.7,-157.9,-118.1,123.4,A,E,1.183,2.0,3.0,78.0,54.0,1y0n,52.0,ILE,A,Observed,A,2.0,3.0,78.0,54.0,1.10.10.610,2.0,3.0,78.0,54.0,116305.0,E,strand,1,3.0,78.0,54.0,Q9HYE3,52.0,I,1,3.0,70.0,54.0,PF06794,2,3.0,78.0,54.0,"['FA-DOMID:8031860', 'SF-DOMID:8044238']"
47,47,43,1,A,55,ATOM,380,N,N,.,LEU,1,?,-15.43475,-26.082625,-4.171875,1.0,37.2275,?,53,LEU,A,N,55,UNP,Q9HYE3,53,L,55,53,53.0,A,L,E,7.0,-0.826,7.2,-163.1,-97.6,134.5,A,E,4.268,2.0,3.0,78.0,55.0,1y0n,53.0,LEU,A,Observed,A,2.0,3.0,78.0,55.0,1.10.10.610,2.0,3.0,78.0,55.0,116305.0,E,strand,1,3.0,78.0,55.0,Q9HYE3,53.0,L,1,3.0,70.0,55.0,PF06794,2,3.0,78.0,55.0,"['FA-DOMID:8031860', 'SF-DOMID:8044238']"
48,48,44,1,A,56,ATOM,388,N,N,.,PHE,1,?,-17.14518181818182,-31.22781818181818,-7.644727272727272,1.0,42.13181818181818,?,54,PHE,A,N,56,UNP,Q9HYE3,54,F,56,54,54.0,A,F,E,48.0,-0.973,9.4,-149.7,-122.9,132.3,A,E,24.365,2.0,3.0,78.0,56.0,1y0n,54.0,PHE,A,Observed,A,2.0,3.0,78.0,56.0,1.10.10.610,2.0,3.0,78.0,56.0,116305.0,E,strand,1,3.0,78.0,56.0,Q9HYE3,54.0,F,1,3.0,70.0,56.0,PF06794,2,3.0,78.0,56.0,"['FA-DOMID:8031860', 'SF-DOMID:8044238']"
50,50,46,1,A,58,ATOM,407,N,N,.,PRO,1,?,-21.298571428571428,-31.200142857142854,-10.658714285714286,1.0,56.59,?,56,PRO,A,N,58,UNP,Q9HYE3,56,P,58,56,56.0,A,P,T,80.0,0.8420000000000001,91.0,47.5,-35.8,-54.5,A,C,58.824,2.0,3.0,78.0,58.0,1y0n,56.0,PRO,A,Observed,A,2.0,3.0,78.0,58.0,1.10.10.610,2.0,3.0,78.0,58.0,116305.0,T,loop,1,3.0,78.0,58.0,Q9HYE3,56.0,P,1,3.0,70.0,58.0,PF06794,2,3.0,78.0,58.0,"['FA-DOMID:8031860', 'SF-DOMID:8044238']"
51,51,47,1,A,59,ATOM,414,N,N,.,GLU,1,?,-21.854888888888887,-28.645555555555557,-14.636555555555557,1.0,64.35888888888888,?,57,GLU,A,N,59,UNP,Q9HYE3,57,E,59,57,57.0,A,E,T,159.0,-0.8290000000000001,120.3,26.0,-97.1,141.0,A,C,81.959,2.0,3.0,78.0,59.0,1y0n,57.0,GLU,A,Observed,A,2.0,3.0,78.0,59.0,1.10.10.610,2.0,3.0,78.0,59.0,116305.0,T,loop,1,3.0,78.0,59.0,Q9HYE3,57.0,E,1,3.0,70.0,59.0,PF06794,2,3.0,78.0,59.0,"['FA-DOMID:8031860', 'SF-DOMID:8044238']"
52,52,49,1,A,60,ATOM,423,N,N,.,SER,1,?,-17.19483333333333,-29.52516666666667,-15.053,1.0,60.68,?,58,SER,A,N,60,UNP,Q9HYE3,58,S,60,58,58.0,A,S,T,75.0,-0.127,99.3,-135.2,86.2,-28.0,A,C,57.692,2.0,3.0,78.0,60.0,1y0n,58.0,SER,A,Observed,A,2.0,3.0,78.0,60.0,1.10.10.610,2.0,3.0,78.0,60.0,116305.0,T,loop,1,3.0,78.0,60.0,Q9HYE3,58.0,S,1,3.0,70.0,60.0,PF06794,2,3.0,78.0,60.0,"['FA-DOMID:8031860', 'SF-DOMID:8044238']"
55,55,52,1,A,63,ATOM,447,N,N,.,CYS,1,?,-11.967333333333334,-29.295666666666666,-8.538666666666666,1.0,48.795,?,61,CYS,A,N,63,UNP,Q9HYE3,61,C,63,61,61.0,A,C,E,30.0,-0.833,9.3,-174.4,-112.4,152.6,A,E,22.221999999999998,2.0,3.0,78.0,63.0,1y0n,61.0,CYS,A,Observed,A,2.0,3.0,78.0,63.0,1.10.10.610,2.0,3.0,78.0,63.0,116305.0,E,strand,1,3.0,78.0,63.0,Q9HYE3,61.0,C,1,3.0,70.0,63.0,PF06794,2,3.0,78.0,63.0,"['FA-DOMID:8031860', 'SF-DOMID:8044238']"
56,56,53,1,A,64,ATOM,453,N,N,.,GLN,1,?,-10.93888888888889,-24.505555555555553,-7.225555555555554,1.0,43.08333333333334,?,62,GLN,A,N,64,UNP,Q9HYE3,62,Q,64,62,62.0,A,Q,E,113.0,-0.958,21.9,-133.9,-149.6,138.2,A,E,57.071000000000005,2.0,3.0,78.0,64.0,1y0n,62.0,GLN,A,Observed,A,2.0,3.0,78.0,64.0,1.10.10.610,2.0,3.0,78.0,64.0,116305.0,E,strand,1,3.0,78.0,64.0,Q9HYE3,62.0,Q,1,3.0,70.0,64.0,PF06794,2,3.0,78.0,64.0,"['FA-DOMID:8031860', 'SF-DOMID:8044238']"
57,57,54,1,A,65,ATOM,462,N,N,.,LEU,1,?,-8.07425,-25.58325,-3.265,1.0,37.8975,?,63,LEU,A,N,65,UNP,Q9HYE3,63,L,65,63,63.0,A,L,E,7.0,-0.706,35.9,172.0,-81.1,133.5,A,E,4.268,2.0,3.0,78.0,65.0,1y0n,63.0,LEU,A,Observed,A,2.0,3.0,78.0,65.0,1.10.10.610,2.0,3.0,78.0,65.0,116305.0,E,strand,1,3.0,78.0,65.0,Q9HYE3,63.0,L,1,3.0,70.0,65.0,PF06794,2,3.0,78.0,65.0,"['FA-DOMID:8031860', 'SF-DOMID:8044238']"
58,58,55,1,A,66,ATOM,470,N,N,.,MET,1,?,-11.326125,-21.715625,-2.4025,1.0,33.21125,?,64,MET,A,N,66,UNP,Q9HYE3,64,M,66,64,64.0,A,M,E,46.0,-0.9890000000000001,39.2,-105.1,-140.2,149.2,A,E,24.468000000000004,2.0,3.0,78.0,66.0,1y0n,64.0,MET,A,Observed,A,2.0,3.0,78.0,66.0,1.10.10.610,2.0,3.0,78.0,66.0,116305.0,E,strand,1,3.0,78.0,66.0,Q9HYE3,64.0,M,1,3.0,70.0,66.0,PF06794,2,3.0,78.0,66.0,"['FA-DOMID:8031860', 'SF-DOMID:8044238']"
59,59,56,1,A,67,ATOM,478,N,N,.,LEU,1,?,-9.182625,-19.53925,1.40175,1.0,32.16875,?,65,LEU,A,N,67,UNP,Q9HYE3,65,L,67,65,65.0,A,L,E,48.0,-0.5760000000000001,31.8,-128.2,-66.4,130.9,A,E,29.268,2.0,3.0,78.0,67.0,1y0n,65.0,LEU,A,Observed,A,2.0,3.0,78.0,67.0,1.10.10.610,2.0,3.0,78.0,67.0,116305.0,E,strand,1,3.0,78.0,67.0,Q9HYE3,65.0,L,1,3.0,70.0,67.0,PF06794,2,3.0,78.0,67.0,"['FA-DOMID:8031860', 'SF-DOMID:8044238']"
60,60,57,1,A,68,ATOM,486,N,N,.,ARG,1,?,-14.029909090909092,-21.950636363636367,5.224,1.0,31.182727272727274,?,66,ARG,A,N,68,UNP,Q9HYE3,66,R,68,66,66.0,A,R,G,109.0,0.847,110.2,63.0,-45.2,-39.9,A,C,43.952,2.0,3.0,78.0,68.0,1y0n,66.0,ARG,A,Observed,A,2.0,3.0,78.0,68.0,1.10.10.610,2.0,3.0,78.0,68.0,116305.0,T,loop,1,3.0,78.0,68.0,Q9HYE3,66.0,R,1,3.0,70.0,68.0,PF06794,2,3.0,78.0,68.0,"['FA-DOMID:8031860', 'SF-DOMID:8044238']"
61,61,58,1,A,69,ATOM,497,N,N,.,SER,1,?,-12.493666666666668,-16.591666666666665,3.374833333333333,1.0,33.765,?,67,SER,A,N,69,UNP,Q9HYE3,67,S,69,67,67.0,A,S,G,104.0,0.706,101.8,49.3,-63.5,-23.5,A,C,80.0,2.0,3.0,78.0,69.0,1y0n,67.0,SER,A,Observed,A,2.0,3.0,78.0,69.0,1.10.10.610,2.0,3.0,78.0,69.0,116305.0,H,helix,1,3.0,78.0,69.0,Q9HYE3,67.0,S,1,3.0,70.0,69.0,PF06794,2,3.0,78.0,69.0,"['FA-DOMID:8031860', 'SF-DOMID:8044238']"
62,62,60,1,A,70,ATOM,503,N,N,.,GLU,1,?,-11.874,-16.317,-0.649,1.0,40.94888888888889,?,68,GLU,A,N,70,UNP,Q9HYE3,68,E,70,68,68.0,A,E,G,107.0,0.474,91.8,96.9,-94.1,-3.3,A,C,55.155,2.0,3.0,78.0,70.0,1y0n,68.0,GLU,A,Observed,A,2.0,3.0,78.0,70.0,1.10.10.610,2.0,3.0,78.0,70.0,116305.0,H,helix,1,3.0,78.0,70.0,Q9HYE3,68.0,E,1,3.0,70.0,70.0,PF06794,2,3.0,78.0,70.0,"['FA-DOMID:8031860', 'SF-DOMID:8044238']"
