,Unnamed: 0,RES,CHAIN,AA,SS_CLASS,PDB_dbResNum,PDB_dbResName,PDB_dbChainId,UniProt_dbAccessionId,UniProt_dbResNum,UniProt_dbResName
0,0,888.0,A,N,C,888.0,ASN,A,Q99279,888.0,N
1,1,889.0,A,N,C,889.0,ASN,A,Q99279,889.0,N
2,2,890.0,A,N,C,890.0,ASN,A,Q99279,890.0,N
3,3,891.0,A,R,C,891.0,ARG,A,Q99279,891.0,R
4,4,892.0,A,A,C,892.0,ALA,A,Q99279,892.0,A
5,5,893.0,A,P,C,893.0,PRO,A,Q99279,893.0,P
6,6,894.0,A,K,C,894.0,LYS,A,Q99279,894.0,K
7,7,895.0,A,E,C,895.0,GLU,A,Q99279,895.0,E
8,8,896.0,A,P,C,896.0,PRO,A,Q99279,896.0,P
9,9,897.0,A,T,C,897.0,THR,A,Q99279,897.0,T
10,10,898.0,A,D,C,898.0,ASP,A,Q99279,898.0,D
11,11,899.0,A,P,C,899.0,PRO,A,Q99279,899.0,P
12,12,900.0,A,V,E,900.0,VAL,A,Q99279,900.0,V
13,13,901.0,A,T,E,901.0,THR,A,Q99279,901.0,T
14,14,902.0,A,L,E,902.0,LEU,A,Q99279,902.0,L
15,15,903.0,A,I,E,903.0,ILE,A,Q99279,903.0,I
16,16,904.0,A,F,E,904.0,PHE,A,Q99279,904.0,F
17,17,905.0,A,T,E,905.0,THR,A,Q99279,905.0,T
18,18,906.0,A,D,E,906.0,ASP,A,Q99279,906.0,D
19,19,907.0,A,I,E,907.0,ILE,A,Q99279,907.0,I
20,20,908.0,A,E,C,908.0,GLU,A,Q99279,908.0,E
21,21,909.0,A,S,C,909.0,SER,A,Q99279,909.0,S
22,22,910.0,A,S,H,910.0,SER,A,Q99279,910.0,S
23,23,911.0,A,T,H,911.0,THR,A,Q99279,911.0,T
24,24,912.0,A,A,H,912.0,ALA,A,Q99279,912.0,A
25,25,913.0,A,L,H,913.0,LEU,A,Q99279,913.0,L
26,26,914.0,A,W,H,914.0,TRP,A,Q99279,914.0,W
27,27,915.0,A,A,H,915.0,ALA,A,Q99279,915.0,A
28,28,916.0,A,A,H,916.0,ALA,A,Q99279,916.0,A
29,29,917.0,A,H,C,917.0,HIS,A,Q99279,917.0,H
30,30,918.0,A,P,C,918.0,PRO,A,Q99279,918.0,P
31,31,919.0,A,D,C,919.0,ASP,A,Q99279,919.0,D
32,32,920.0,A,L,C,920.0,LEU,A,Q99279,920.0,L
33,33,921.0,A,M,H,921.0,MET,A,Q99279,921.0,M
34,34,922.0,A,P,H,922.0,PRO,A,Q99279,922.0,P
35,35,923.0,A,D,H,923.0,ASP,A,Q99279,923.0,D
36,36,924.0,A,A,H,924.0,ALA,A,Q99279,924.0,A
37,37,925.0,A,V,H,925.0,VAL,A,Q99279,925.0,V
38,38,926.0,A,A,H,926.0,ALA,A,Q99279,926.0,A
39,39,927.0,A,A,H,927.0,ALA,A,Q99279,927.0,A
40,40,928.0,A,H,H,928.0,HIS,A,Q99279,928.0,H
41,41,929.0,A,H,H,929.0,HIS,A,Q99279,929.0,H
42,42,930.0,A,R,H,930.0,ARG,A,Q99279,930.0,R
43,43,931.0,A,M,H,931.0,MET,A,Q99279,931.0,M
44,44,932.0,A,V,H,932.0,VAL,A,Q99279,932.0,V
45,45,933.0,A,R,H,933.0,ARG,A,Q99279,933.0,R
46,46,934.0,A,S,H,934.0,SER,A,Q99279,934.0,S
47,47,935.0,A,L,H,935.0,LEU,A,Q99279,935.0,L
48,48,936.0,A,I,H,936.0,ILE,A,Q99279,936.0,I
49,49,937.0,A,G,H,937.0,GLY,A,Q99279,937.0,G
50,50,938.0,A,R,H,938.0,ARG,A,Q99279,938.0,R
51,51,939.0,A,Y,C,939.0,TYR,A,Q99279,939.0,Y
52,52,940.0,A,K,C,940.0,LYS,A,Q99279,940.0,K
53,53,941.0,A,C,C,941.0,CYS,A,Q99279,941.0,C
54,54,942.0,A,Y,E,942.0,TYR,A,Q99279,942.0,Y
55,55,943.0,A,E,E,943.0,GLU,A,Q99279,943.0,E
56,56,944.0,A,V,E,944.0,VAL,A,Q99279,944.0,V
57,57,945.0,A,K,E,945.0,LYS,A,Q99279,945.0,K
58,58,946.0,A,T,E,946.0,THR,A,Q99279,946.0,T
59,59,947.0,A,V,E,947.0,VAL,A,Q99279,947.0,V
60,60,948.0,A,G,C,948.0,GLY,A,Q99279,948.0,G
61,61,949.0,A,D,C,949.0,ASP,A,Q99279,949.0,D
62,62,950.0,A,S,E,950.0,SER,A,Q99279,950.0,S
63,63,951.0,A,F,E,951.0,PHE,A,Q99279,951.0,F
64,64,952.0,A,M,E,952.0,MET,A,Q99279,952.0,M
65,65,953.0,A,I,E,953.0,ILE,A,Q99279,953.0,I
66,66,954.0,A,A,E,954.0,ALA,A,Q99279,954.0,A
67,67,955.0,A,S,E,955.0,SER,A,Q99279,955.0,S
68,68,956.0,A,K,C,956.0,LYS,A,Q99279,956.0,K
69,69,957.0,A,S,C,957.0,SER,A,Q99279,957.0,S
70,70,958.0,A,P,H,958.0,PRO,A,Q99279,958.0,P
71,71,959.0,A,F,H,959.0,PHE,A,Q99279,959.0,F
72,72,960.0,A,A,H,960.0,ALA,A,Q99279,960.0,A
73,73,961.0,A,A,H,961.0,ALA,A,Q99279,961.0,A
74,74,962.0,A,V,H,962.0,VAL,A,Q99279,962.0,V
75,75,963.0,A,Q,H,963.0,GLN,A,Q99279,963.0,Q
76,76,964.0,A,L,H,964.0,LEU,A,Q99279,964.0,L
77,77,965.0,A,A,H,965.0,ALA,A,Q99279,965.0,A
78,78,966.0,A,Q,H,966.0,GLN,A,Q99279,966.0,Q
79,79,967.0,A,E,H,967.0,GLU,A,Q99279,967.0,E
80,80,968.0,A,L,H,968.0,LEU,A,Q99279,968.0,L
81,81,969.0,A,Q,H,969.0,GLN,A,Q99279,969.0,Q
82,82,970.0,A,L,H,970.0,LEU,A,Q99279,970.0,L
83,83,971.0,A,C,H,971.0,CYS,A,Q99279,971.0,C
84,84,972.0,A,F,H,972.0,PHE,A,Q99279,972.0,F
85,85,973.0,A,L,H,973.0,LEU,A,Q99279,973.0,L
86,86,974.0,A,H,H,974.0,HIS,A,Q99279,974.0,H
87,87,975.0,A,H,C,975.0,HIS,A,Q99279,975.0,H
88,88,976.0,A,D,C,976.0,ASP,A,Q99279,976.0,D
89,89,977.0,A,W,C,977.0,TRP,A,Q99279,977.0,W
90,90,978.0,A,G,C,978.0,GLY,A,Q99279,978.0,G
91,91,979.0,A,T,C,979.0,THR,A,Q99279,979.0,T
92,92,980.0,A,N,C,980.0,ASN,A,Q99279,980.0,N
93,93,981.0,A,A,H,981.0,ALA,A,Q99279,981.0,A
94,94,982.0,A,L,H,982.0,LEU,A,Q99279,982.0,L
95,95,983.0,A,D,H,983.0,ASP,A,Q99279,983.0,D
96,96,984.0,A,D,H,984.0,ASP,A,Q99279,984.0,D
97,97,985.0,A,S,H,985.0,SER,A,Q99279,985.0,S
98,98,986.0,A,Y,H,986.0,TYR,A,Q99279,986.0,Y
99,99,987.0,A,R,H,987.0,ARG,A,Q99279,987.0,R
100,100,988.0,A,E,H,988.0,GLU,A,Q99279,988.0,E
101,101,989.0,A,F,H,989.0,PHE,A,Q99279,989.0,F
102,102,990.0,A,E,H,990.0,GLU,A,Q99279,990.0,E
103,103,991.0,A,E,H,991.0,GLU,A,Q99279,991.0,E
104,104,992.0,A,Q,H,992.0,GLN,A,Q99279,992.0,Q
105,105,993.0,A,R,H,993.0,ARG,A,Q99279,993.0,R
106,106,994.0,A,A,H,994.0,ALA,A,Q99279,994.0,A
107,107,995.0,A,E,H,995.0,GLU,A,Q99279,995.0,E
108,108,996.0,A,G,H,996.0,GLY,A,Q99279,996.0,G
109,109,997.0,A,E,C,997.0,GLU,A,Q99279,997.0,E
110,110,998.0,A,C,C,998.0,CYS,A,Q99279,998.0,C
111,111,999.0,A,E,C,999.0,GLU,A,Q99279,999.0,E
112,112,1000.0,A,Y,C,1000.0,TYR,A,Q99279,1000.0,Y
113,113,1001.0,A,T,C,1001.0,THR,A,Q99279,1001.0,T
114,114,1002.0,A,P,C,1002.0,PRO,A,Q99279,1002.0,P
115,115,1003.0,A,P,C,1003.0,PRO,A,Q99279,1003.0,P
116,116,1004.0,A,T,C,1004.0,THR,A,Q99279,1004.0,T
117,117,1005.0,A,A,C,1005.0,ALA,A,Q99279,1005.0,A
118,118,1006.0,A,H,C,1006.0,HIS,A,Q99279,1006.0,H
119,119,1007.0,A,M,C,1007.0,MET,A,Q99279,1007.0,M
120,120,1008.0,A,D,C,1008.0,ASP,A,Q99279,1008.0,D
121,121,1009.0,A,P,H,1009.0,PRO,A,Q99279,1009.0,P
122,122,1010.0,A,E,H,1010.0,GLU,A,Q99279,1010.0,E
123,123,1011.0,A,V,H,1011.0,VAL,A,Q99279,1011.0,V
124,124,1012.0,A,Y,H,1012.0,TYR,A,Q99279,1012.0,Y
125,125,1013.0,A,S,H,1013.0,SER,A,Q99279,1013.0,S
126,126,1014.0,A,R,H,1014.0,ARG,A,Q99279,1014.0,R
127,127,1015.0,A,L,H,1015.0,LEU,A,Q99279,1015.0,L
128,128,1016.0,A,W,C,1016.0,TRP,A,Q99279,1016.0,W
129,129,1017.0,A,N,C,1017.0,ASN,A,Q99279,1017.0,N
130,130,1018.0,A,G,C,1018.0,GLY,A,Q99279,1018.0,G
131,131,1019.0,A,L,C,1019.0,LEU,A,Q99279,1019.0,L
132,132,1020.0,A,R,C,1020.0,ARG,A,Q99279,1020.0,R
133,133,1021.0,A,V,E,1021.0,VAL,A,Q99279,1021.0,V
134,134,1022.0,A,R,E,1022.0,ARG,A,Q99279,1022.0,R
135,135,1023.0,A,V,E,1023.0,VAL,A,Q99279,1023.0,V
136,136,1024.0,A,G,E,1024.0,GLY,A,Q99279,1024.0,G
137,137,1025.0,A,I,E,1025.0,ILE,A,Q99279,1025.0,I
138,138,1026.0,A,H,E,1026.0,HIS,A,Q99279,1026.0,H
139,139,1027.0,A,T,E,1027.0,THR,A,Q99279,1027.0,T
140,140,1028.0,A,G,E,1028.0,GLY,A,Q99279,1028.0,G
141,141,1029.0,A,L,C,1029.0,LEU,A,Q99279,1029.0,L
142,142,1030.0,A,C,C,1030.0,CYS,A,Q99279,1030.0,C
143,143,1031.0,A,D,E,1031.0,ASP,A,Q99279,1031.0,D
144,144,1032.0,A,I,E,1032.0,ILE,A,Q99279,1032.0,I
145,145,1033.0,A,R,E,1033.0,ARG,A,Q99279,1034.0,R
146,146,1034.0,A,H,E,1034.0,HIS,A,Q99279,1035.0,H
147,147,1035.0,A,D,C,1035.0,ASP,A,Q99279,1036.0,D
148,148,1036.0,A,E,C,1036.0,GLU,A,Q99279,1037.0,E
149,149,1037.0,A,V,C,1037.0,VAL,A,Q99279,1038.0,V
150,150,1038.0,A,T,C,1038.0,THR,A,Q99279,1039.0,T
151,151,1039.0,A,K,C,1039.0,LYS,A,Q99279,1040.0,K
152,152,1040.0,A,G,C,1040.0,GLY,A,Q99279,1041.0,G
153,153,1041.0,A,Y,E,1041.0,TYR,A,Q99279,1042.0,Y
154,154,1042.0,A,D,E,1042.0,ASP,A,Q99279,1043.0,D
155,155,1043.0,A,Y,E,1043.0,TYR,A,Q99279,1044.0,Y
156,156,1044.0,A,Y,E,1044.0,TYR,A,Q99279,1045.0,Y
157,157,1045.0,A,G,C,1045.0,GLY,A,Q99279,1046.0,G
158,158,1046.0,A,R,H,1046.0,ARG,A,Q99279,1047.0,R
159,159,1047.0,A,T,H,1047.0,THR,A,Q99279,1048.0,T
160,160,1048.0,A,P,H,1048.0,PRO,A,Q99279,1049.0,P
161,161,1049.0,A,N,H,1049.0,ASN,A,Q99279,1050.0,N
162,162,1050.0,A,M,H,1050.0,MET,A,Q99279,1051.0,M
163,163,1051.0,A,A,H,1051.0,ALA,A,Q99279,1052.0,A
164,164,1052.0,A,A,H,1052.0,ALA,A,Q99279,1053.0,A
165,165,1053.0,A,R,H,1053.0,ARG,A,Q99279,1054.0,R
166,166,1054.0,A,T,H,1054.0,THR,A,Q99279,1055.0,T
167,167,1055.0,A,E,H,1055.0,GLU,A,Q99279,1056.0,E
168,168,1056.0,A,S,H,1056.0,SER,A,Q99279,1057.0,S
169,169,1057.0,A,V,C,1057.0,VAL,A,Q99279,1058.0,V
170,170,1058.0,A,A,C,1058.0,ALA,A,Q99279,1059.0,A
171,171,1059.0,A,N,C,1059.0,ASN,A,Q99279,1060.0,N
172,172,1060.0,A,G,C,1060.0,GLY,A,Q99279,1061.0,G
173,173,1061.0,A,G,C,1061.0,GLY,A,Q99279,1062.0,G
174,174,1062.0,A,Q,C,1062.0,GLN,A,Q99279,1063.0,Q
175,175,1063.0,A,V,E,1063.0,VAL,A,Q99279,1064.0,V
176,176,1064.0,A,L,E,1064.0,LEU,A,Q99279,1065.0,L
177,177,1065.0,A,M,E,1065.0,MET,A,Q99279,1066.0,M
178,178,1066.0,A,T,E,1066.0,THR,A,Q99279,1067.0,T
179,179,1067.0,A,H,H,1067.0,HIS,A,Q99279,1068.0,H
180,180,1068.0,A,A,H,1068.0,ALA,A,Q99279,1069.0,A
181,181,1069.0,A,A,H,1069.0,ALA,A,Q99279,1070.0,A
182,182,1070.0,A,Y,H,1070.0,TYR,A,Q99279,1071.0,Y
183,183,1071.0,A,M,H,1071.0,MET,A,Q99279,1072.0,M
184,184,1072.0,A,S,C,1072.0,SER,A,Q99279,1073.0,S
185,185,1073.0,A,L,C,1073.0,LEU,A,Q99279,1074.0,L
186,186,1074.0,A,S,C,1074.0,SER,A,Q99279,1075.0,S
187,187,1075.0,A,A,H,1075.0,ALA,A,Q99279,1076.0,A
188,188,1076.0,A,E,H,1076.0,GLU,A,Q99279,1077.0,E
189,189,1077.0,A,D,H,1077.0,ASP,A,Q99279,1078.0,D
190,190,1078.0,A,R,H,1078.0,ARG,A,Q99279,1079.0,R
191,191,1079.0,A,K,H,1079.0,LYS,A,Q99279,1080.0,K
192,192,1080.0,A,Q,C,1080.0,GLN,A,Q99279,1081.0,Q
193,193,1081.0,A,I,C,1081.0,ILE,A,Q99279,1082.0,I
194,194,1082.0,A,D,C,1082.0,ASP,A,Q99279,1083.0,D
195,195,1083.0,A,V,E,1083.0,VAL,A,Q99279,1084.0,V
196,196,1084.0,A,T,E,1084.0,THR,A,Q99279,1085.0,T
197,197,1085.0,A,A,E,1085.0,ALA,A,Q99279,1086.0,A
198,198,1086.0,A,L,E,1086.0,LEU,A,Q99279,1087.0,L
199,199,1087.0,A,G,E,1087.0,GLY,A,Q99279,1088.0,G
200,200,1088.0,A,D,E,1088.0,ASP,A,Q99279,1089.0,D
201,201,1089.0,A,V,E,1089.0,VAL,A,Q99279,1090.0,V
202,202,1090.0,A,A,C,1090.0,ALA,A,Q99279,1091.0,A
203,203,1091.0,A,L,C,1091.0,LEU,A,Q99279,1092.0,L
204,204,1092.0,A,R,C,1092.0,ARG,A,Q99279,1093.0,R
205,205,1093.0,A,G,C,1093.0,GLY,A,Q99279,1094.0,G
206,206,1094.0,A,V,C,1094.0,VAL,A,Q99279,1095.0,V
207,207,1095.0,A,S,C,1095.0,SER,A,Q99279,1096.0,S
208,208,1096.0,A,D,C,1096.0,ASP,A,Q99279,1097.0,D
209,209,1097.0,A,P,C,1097.0,PRO,A,Q99279,1098.0,P
210,210,1098.0,A,V,E,1098.0,VAL,A,Q99279,1099.0,V
211,211,1099.0,A,K,E,1099.0,LYS,A,Q99279,1100.0,K
212,212,1100.0,A,M,E,1100.0,MET,A,Q99279,1101.0,M
213,213,1101.0,A,Y,E,1101.0,TYR,A,Q99279,1102.0,Y
214,214,1102.0,A,Q,E,1102.0,GLN,A,Q99279,1103.0,Q
215,215,1103.0,A,L,E,1103.0,LEU,A,Q99279,1104.0,L
216,216,1104.0,A,N,C,1104.0,ASN,A,Q99279,1105.0,N
217,217,1105.0,A,T,C,1105.0,THR,A,Q99279,1106.0,T
218,218,1106.0,A,V,C,1106.0,VAL,A,Q99279,1107.0,V
219,219,1107.0,A,P,C,1107.0,PRO,A,Q99279,1108.0,P
220,220,1108.0,A,S,C,1108.0,SER,A,Q99279,1109.0,S
221,221,1109.0,A,R,C,1109.0,ARG,A,Q99279,1110.0,R
222,222,1110.0,A,N,C,1110.0,ASN,A,Q99279,1111.0,N
223,223,1111.0,A,F,C,1111.0,PHE,A,Q99279,1112.0,F
224,224,1112.0,A,A,C,1112.0,ALA,A,Q99279,1113.0,A
225,225,1113.0,A,A,C,1113.0,ALA,A,Q99279,1114.0,A
226,226,1114.0,A,L,C,1114.0,LEU,A,Q99279,1115.0,L
227,227,1115.0,A,R,C,1115.0,ARG,A,Q99279,1116.0,R
228,228,1116.0,A,L,C,1116.0,LEU,A,Q99279,1117.0,L
229,229,1117.0,A,D,C,1117.0,ASP,A,Q99279,1118.0,D
230,230,1118.0,A,R,C,1118.0,ARG,A,Q99279,1119.0,R
231,231,1119.0,A,E,C,1119.0,GLU,A,Q99279,1120.0,E
232,232,1120.0,A,Y,C,1120.0,TYR,A,Q99279,1121.0,Y
233,233,1121.0,A,F,C,1121.0,PHE,A,Q99279,1122.0,F
