,AA,SS_CLASS
3cr3,MTYGIVIVSHSPEIASGLKKLIREVAKNISLTAIGGLENGEIGTSFDRVMNAIEENEADNLLTFFDLGSARMNLDLVSEMTDKELTIFNVPLIEGAYTASALLEAGATFEAIKEQLEKMLIEK,CCEEEEEEECCHHHHHHHHHHHHCCCCCCEEEEEECCCCCCCCCCHHHHHHHHHHCCCCEEEEEECCHHHHHHHHHHHCCCCCEEEEECCCHHHHHHHHHHHHHCCCCHHHHHHHHHCCCCCC
