,Unnamed: 0.1,Unnamed: 0,RES,CHAIN,AA,SS_CLASS,PDB_dbResNum,PDB_dbResName,PDB_dbChainId,UniProt_dbAccessionId,UniProt_dbResNum,UniProt_dbResName,PDB_codeSecondaryStructure,PDB_nameSecondaryStructure,shifted Uni,AF_predictions
0,0,0,11.0,A,V,C,11.0,VAL,A,P0C512,11.0,V,T,loop,V,C
1,1,1,12.0,A,G,C,12.0,GLY,A,P0C512,12.0,G,T,loop,G,C
2,2,2,13.0,A,F,C,13.0,PHE,A,P0C512,13.0,F,T,loop,F,C
3,3,3,14.0,A,K,C,14.0,LYS,A,P0C512,14.0,K,T,loop,K,C
4,4,4,15.0,A,A,C,15.0,ALA,A,P0C512,15.0,A,T,loop,A,C
5,5,5,16.0,A,G,C,16.0,GLY,A,P0C512,16.0,G,T,loop,G,C
6,6,6,17.0,A,V,C,17.0,VAL,A,P0C512,17.0,V,T,loop,V,C
7,7,7,18.0,A,K,C,18.0,LYS,A,P0C512,18.0,K,T,loop,K,C
8,8,8,19.0,A,D,C,19.0,ASP,A,P0C512,19.0,D,T,loop,D,C
9,9,9,20.0,A,Y,C,20.0,TYR,A,P0C512,20.0,Y,H,helix,Y,C
10,10,10,21.0,A,K,H,21.0,LYS,A,P0C512,21.0,K,H,helix,K,H
11,11,11,22.0,A,L,H,22.0,LEU,A,P0C512,22.0,L,H,helix,L,H
12,12,12,23.0,A,T,H,23.0,THR,A,P0C512,23.0,T,H,helix,T,H
13,13,13,24.0,A,Y,H,24.0,TYR,A,P0C512,24.0,Y,H,helix,Y,H
14,14,14,25.0,A,Y,C,25.0,TYR,A,P0C512,25.0,Y,H,helix,Y,C
15,15,15,26.0,A,T,C,26.0,THR,A,P0C512,26.0,T,T,loop,T,C
16,16,16,27.0,A,P,C,27.0,PRO,A,P0C512,27.0,P,T,loop,P,C
17,17,17,28.0,A,E,C,28.0,GLU,A,P0C512,28.0,E,T,loop,E,C
18,18,18,29.0,A,Y,C,29.0,TYR,A,P0C512,29.0,Y,T,loop,Y,C
19,19,19,30.0,A,E,C,30.0,GLU,A,P0C512,30.0,E,T,loop,E,C
20,20,20,31.0,A,T,C,31.0,THR,A,P0C512,31.0,T,T,loop,T,C
21,21,21,32.0,A,K,C,32.0,LYS,A,P0C512,32.0,K,T,loop,K,C
22,22,22,33.0,A,D,C,33.0,ASP,A,P0C512,33.0,D,T,loop,D,C
23,23,23,34.0,A,T,C,34.0,THR,A,P0C512,34.0,T,T,loop,T,C
24,24,24,35.0,A,D,C,35.0,ASP,A,P0C512,35.0,D,T,loop,D,C
25,25,25,36.0,A,I,E,36.0,ILE,A,P0C512,36.0,I,E,strand,I,E
26,26,26,37.0,A,L,E,37.0,LEU,A,P0C512,37.0,L,E,strand,L,E
27,27,27,38.0,A,A,E,38.0,ALA,A,P0C512,38.0,A,E,strand,A,E
28,28,28,39.0,A,A,E,39.0,ALA,A,P0C512,39.0,A,E,strand,A,E
29,29,29,40.0,A,F,E,40.0,PHE,A,P0C512,40.0,F,E,strand,F,E
30,30,30,41.0,A,R,E,41.0,ARG,A,P0C512,41.0,R,E,strand,R,E
31,31,31,42.0,A,V,E,42.0,VAL,A,P0C512,42.0,V,E,strand,V,E
32,32,32,43.0,A,T,E,43.0,THR,A,P0C512,43.0,T,E,strand,T,E
33,33,33,44.0,A,P,E,44.0,PRO,A,P0C512,44.0,P,E,strand,P,E
34,34,34,45.0,A,Q,C,45.0,GLN,A,P0C512,45.0,Q,T,loop,Q,C
35,35,35,46.0,A,P,C,46.0,PRO,A,P0C512,46.0,P,T,loop,P,C
36,36,36,47.0,A,G,C,47.0,GLY,A,P0C512,47.0,G,T,loop,G,C
37,37,37,48.0,A,V,C,48.0,VAL,A,P0C512,48.0,V,T,loop,V,C
38,38,38,49.0,A,P,C,49.0,PRO,A,P0C512,49.0,P,H,helix,P,C
39,39,39,50.0,A,P,H,50.0,PRO,A,P0C512,50.0,P,H,helix,P,H
40,40,40,51.0,A,E,H,51.0,GLU,A,P0C512,51.0,E,H,helix,E,H
41,41,41,52.0,A,E,H,52.0,GLU,A,P0C512,52.0,E,H,helix,E,H
42,42,42,53.0,A,A,H,53.0,ALA,A,P0C512,53.0,A,H,helix,A,H
43,43,43,54.0,A,G,H,54.0,GLY,A,P0C512,54.0,G,H,helix,G,H
44,44,44,55.0,A,A,H,55.0,ALA,A,P0C512,55.0,A,H,helix,A,H
45,45,45,56.0,A,A,H,56.0,ALA,A,P0C512,56.0,A,H,helix,A,H
46,46,46,57.0,A,V,H,57.0,VAL,A,P0C512,57.0,V,H,helix,V,H
47,47,47,58.0,A,A,H,58.0,ALA,A,P0C512,58.0,A,H,helix,A,H
48,48,48,59.0,A,A,H,59.0,ALA,A,P0C512,59.0,A,H,helix,A,H
49,49,49,60.0,A,E,H,60.0,GLU,A,P0C512,60.0,E,H,helix,E,H
50,50,50,61.0,A,S,C,61.0,SER,A,P0C512,61.0,S,H,helix,S,C
51,51,51,62.0,A,S,C,62.0,SER,A,P0C512,62.0,S,T,loop,S,C
52,52,52,63.0,A,T,C,63.0,THR,A,P0C512,63.0,T,T,loop,T,C
53,53,53,64.0,A,G,C,64.0,GLY,A,P0C512,64.0,G,T,loop,G,C
54,54,54,65.0,A,T,C,65.0,THR,A,P0C512,65.0,T,T,loop,T,C
55,55,55,66.0,A,W,C,66.0,TRP,A,P0C512,66.0,W,T,loop,W,C
56,56,56,67.0,A,T,C,67.0,THR,A,P0C512,67.0,T,T,loop,T,C
57,57,57,68.0,A,T,C,68.0,THR,A,P0C512,68.0,T,T,loop,T,C
58,58,58,69.0,A,V,C,69.0,VAL,A,P0C512,69.0,V,H,helix,V,C
59,59,59,70.0,A,W,C,70.0,TRP,A,P0C512,70.0,W,H,helix,W,C
60,60,60,71.0,A,T,C,71.0,THR,A,P0C512,71.0,T,H,helix,T,C
61,61,61,72.0,A,D,C,72.0,ASP,A,P0C512,72.0,D,H,helix,D,C
62,62,62,73.0,A,G,C,73.0,GLY,A,P0C512,73.0,G,H,helix,G,C
63,63,63,74.0,A,L,C,74.0,LEU,A,P0C512,74.0,L,H,helix,L,C
64,64,64,75.0,A,T,C,75.0,THR,A,P0C512,75.0,T,H,helix,T,C
65,65,65,76.0,A,S,C,76.0,SER,A,P0C512,76.0,S,H,helix,S,C
66,66,66,77.0,A,L,H,77.0,LEU,A,P0C512,77.0,L,H,helix,L,H
67,67,67,78.0,A,D,H,78.0,ASP,A,P0C512,78.0,D,H,helix,D,H
68,68,68,79.0,A,R,H,79.0,ARG,A,P0C512,79.0,R,H,helix,R,H
69,69,69,80.0,A,Y,H,80.0,TYR,A,P0C512,80.0,Y,H,helix,Y,H
70,70,70,81.0,A,K,C,81.0,LYS,A,P0C512,81.0,K,H,helix,K,C
71,71,71,82.0,A,G,C,82.0,GLY,A,P0C512,82.0,G,T,loop,G,C
72,72,72,83.0,A,R,E,83.0,ARG,A,P0C512,83.0,R,E,strand,R,E
73,73,73,84.0,A,C,E,84.0,CYS,A,P0C512,84.0,C,E,strand,C,E
74,74,74,85.0,A,Y,E,85.0,TYR,A,P0C512,85.0,Y,E,strand,Y,E
75,75,75,86.0,A,H,E,86.0,HIS,A,P0C512,86.0,H,E,strand,H,E
76,76,76,87.0,A,I,E,87.0,ILE,A,P0C512,87.0,I,E,strand,I,E
77,77,77,88.0,A,E,E,88.0,GLU,A,P0C512,88.0,E,E,strand,E,E
78,78,78,89.0,A,P,E,89.0,PRO,A,P0C512,89.0,P,E,strand,P,E
79,79,79,90.0,A,V,C,90.0,VAL,A,P0C512,90.0,V,T,loop,V,C
80,80,80,91.0,A,V,C,91.0,VAL,A,P0C512,91.0,V,T,loop,V,C
81,81,81,92.0,A,G,C,92.0,GLY,A,P0C512,92.0,G,T,loop,G,C
82,82,82,93.0,A,E,C,93.0,GLU,A,P0C512,93.0,E,T,loop,E,C
83,83,83,94.0,A,D,C,94.0,ASP,A,P0C512,94.0,D,T,loop,D,C
84,84,84,95.0,A,N,C,95.0,ASN,A,P0C512,95.0,N,T,loop,N,C
85,85,85,96.0,A,Q,C,96.0,GLN,A,P0C512,96.0,Q,T,loop,Q,C
86,86,86,97.0,A,Y,E,97.0,TYR,A,P0C512,97.0,Y,E,strand,Y,E
87,87,87,98.0,A,I,E,98.0,ILE,A,P0C512,98.0,I,E,strand,I,E
88,88,88,99.0,A,A,E,99.0,ALA,A,P0C512,99.0,A,E,strand,A,E
89,89,89,100.0,A,Y,E,100.0,TYR,A,P0C512,100.0,Y,E,strand,Y,E
90,90,90,101.0,A,V,E,101.0,VAL,A,P0C512,101.0,V,E,strand,V,E
91,91,91,102.0,A,A,E,102.0,ALA,A,P0C512,102.0,A,E,strand,A,E
92,92,92,103.0,A,Y,E,103.0,TYR,A,P0C512,103.0,Y,E,strand,Y,E
93,93,93,104.0,A,P,C,104.0,PRO,A,P0C512,104.0,P,H,helix,P,C
94,94,94,105.0,A,L,C,105.0,LEU,A,P0C512,105.0,L,H,helix,L,C
95,95,95,106.0,A,D,C,106.0,ASP,A,P0C512,106.0,D,H,helix,D,C
96,96,96,107.0,A,L,C,107.0,LEU,A,P0C512,107.0,L,H,helix,L,C
97,97,97,108.0,A,F,C,108.0,PHE,A,P0C512,108.0,F,H,helix,F,C
98,98,98,109.0,A,E,C,109.0,GLU,A,P0C512,109.0,E,T,loop,E,C
99,99,99,110.0,A,E,C,110.0,GLU,A,P0C512,110.0,E,T,loop,E,C
100,100,100,111.0,A,G,C,111.0,GLY,A,P0C512,111.0,G,T,loop,G,C
101,101,101,112.0,A,S,C,112.0,SER,A,P0C512,112.0,S,H,helix,S,C
102,102,102,113.0,A,V,H,113.0,VAL,A,P0C512,113.0,V,H,helix,V,H
103,103,103,114.0,A,T,H,114.0,THR,A,P0C512,114.0,T,H,helix,T,H
104,104,104,115.0,A,N,H,115.0,ASN,A,P0C512,115.0,N,H,helix,N,H
105,105,105,116.0,A,M,H,116.0,MET,A,P0C512,116.0,M,H,helix,M,H
106,106,106,117.0,A,F,H,117.0,PHE,A,P0C512,117.0,F,H,helix,F,H
107,107,107,118.0,A,T,H,118.0,THR,A,P0C512,118.0,T,H,helix,T,H
108,108,108,119.0,A,S,H,119.0,SER,A,P0C512,119.0,S,H,helix,S,H
109,109,109,120.0,A,I,H,120.0,ILE,A,P0C512,120.0,I,H,helix,I,H
110,110,110,121.0,A,V,H,121.0,VAL,A,P0C512,121.0,V,H,helix,V,H
111,111,111,122.0,A,G,C,122.0,GLY,A,P0C512,122.0,G,H,helix,G,C
112,112,112,123.0,A,N,C,123.0,ASN,A,P0C512,123.0,N,H,helix,N,C
113,113,113,124.0,A,V,C,124.0,VAL,A,P0C512,124.0,V,H,helix,V,C
114,114,114,125.0,A,F,C,125.0,PHE,A,P0C512,125.0,F,H,helix,F,C
115,115,115,126.0,A,G,C,126.0,GLY,A,P0C512,126.0,G,H,helix,G,C
116,116,116,127.0,A,F,C,127.0,PHE,A,P0C512,127.0,F,T,loop,F,C
117,117,117,128.0,A,K,C,128.0,LYS,A,P0C512,128.0,K,T,loop,K,C
118,118,118,129.0,A,A,C,129.0,ALA,A,P0C512,129.0,A,T,loop,A,C
119,119,119,130.0,A,L,E,130.0,LEU,A,P0C512,130.0,L,E,strand,L,E
120,120,120,131.0,A,R,E,131.0,ARG,A,P0C512,131.0,R,E,strand,R,E
121,121,121,132.0,A,A,E,132.0,ALA,A,P0C512,132.0,A,E,strand,A,E
122,122,122,133.0,A,L,E,133.0,LEU,A,P0C512,133.0,L,E,strand,L,E
123,123,123,134.0,A,R,E,134.0,ARG,A,P0C512,134.0,R,E,strand,R,E
124,124,124,135.0,A,L,E,135.0,LEU,A,P0C512,135.0,L,E,strand,L,E
125,125,125,136.0,A,E,E,136.0,GLU,A,P0C512,136.0,E,E,strand,E,E
126,126,126,137.0,A,D,E,137.0,ASP,A,P0C512,137.0,D,E,strand,D,E
127,127,127,138.0,A,L,E,138.0,LEU,A,P0C512,138.0,L,E,strand,L,E
128,128,128,139.0,A,R,E,139.0,ARG,A,P0C512,139.0,R,E,strand,R,E
129,129,129,140.0,A,I,C,140.0,ILE,A,P0C512,140.0,I,T,loop,I,C
130,130,130,141.0,A,P,C,141.0,PRO,A,P0C512,141.0,P,H,helix,P,C
131,131,131,142.0,A,P,H,142.0,PRO,A,P0C512,142.0,P,H,helix,P,H
132,132,132,143.0,A,T,H,143.0,THR,A,P0C512,143.0,T,H,helix,T,H
133,133,133,144.0,A,Y,H,144.0,TYR,A,P0C512,144.0,Y,H,helix,Y,H
134,134,134,145.0,A,S,H,145.0,SER,A,P0C512,145.0,S,H,helix,S,H
135,135,135,146.0,A,K,C,146.0,LYS,A,P0C512,146.0,K,H,helix,K,C
136,136,136,147.0,A,T,C,147.0,THR,A,P0C512,147.0,T,T,loop,T,C
137,137,137,148.0,A,F,C,148.0,PHE,A,P0C512,148.0,F,T,loop,F,C
138,138,138,149.0,A,Q,C,149.0,GLN,A,P0C512,149.0,Q,T,loop,Q,C
139,139,139,150.0,A,G,C,150.0,GLY,A,P0C512,150.0,G,T,loop,G,C
140,140,140,151.0,A,P,C,151.0,PRO,A,P0C512,151.0,P,T,loop,P,C
141,141,141,152.0,A,P,C,152.0,PRO,A,P0C512,152.0,P,T,loop,P,C
142,142,142,153.0,A,H,C,153.0,HIS,A,P0C512,153.0,H,T,loop,H,C
143,143,143,154.0,A,G,C,154.0,GLY,A,P0C512,154.0,G,H,helix,G,C
144,144,144,155.0,A,I,H,155.0,ILE,A,P0C512,155.0,I,H,helix,I,H
145,145,145,156.0,A,Q,H,156.0,GLN,A,P0C512,156.0,Q,H,helix,Q,H
146,146,146,157.0,A,V,H,157.0,VAL,A,P0C512,157.0,V,H,helix,V,H
147,147,147,158.0,A,E,H,158.0,GLU,A,P0C512,158.0,E,H,helix,E,H
148,148,148,159.0,A,R,H,159.0,ARG,A,P0C512,159.0,R,H,helix,R,H
149,149,149,160.0,A,D,H,160.0,ASP,A,P0C512,160.0,D,H,helix,D,H
150,150,150,161.0,A,K,H,161.0,LYS,A,P0C512,161.0,K,H,helix,K,H
151,151,151,162.0,A,L,H,162.0,LEU,A,P0C512,162.0,L,H,helix,L,H
152,152,152,163.0,A,N,C,163.0,ASN,A,P0C512,163.0,N,H,helix,N,C
153,153,153,164.0,A,K,C,164.0,LYS,A,P0C512,164.0,K,T,loop,K,C
154,154,154,165.0,A,Y,C,165.0,TYR,A,P0C512,165.0,Y,T,loop,Y,C
155,155,155,166.0,A,G,C,166.0,GLY,A,P0C512,166.0,G,T,loop,G,C
156,156,156,167.0,A,R,C,167.0,ARG,A,P0C512,167.0,R,T,loop,R,C
157,157,157,168.0,A,P,C,168.0,PRO,A,P0C512,168.0,P,T,loop,P,C
158,158,158,169.0,A,L,E,169.0,LEU,A,P0C512,169.0,L,E,strand,L,E
159,159,159,170.0,A,L,E,170.0,LEU,A,P0C512,170.0,L,E,strand,L,E
160,160,160,171.0,A,G,E,171.0,GLY,A,P0C512,171.0,G,E,strand,G,E
161,161,161,172.0,A,C,C,172.0,CYS,A,P0C512,172.0,C,T,loop,C,C
162,162,162,173.0,A,T,C,173.0,THR,A,P0C512,173.0,T,T,loop,T,C
163,163,163,174.0,A,I,C,174.0,ILE,A,P0C512,174.0,I,T,loop,I,C
164,164,164,175.0,A,K,C,175.0,LYS,A,P0C512,175.0,K,T,loop,K,C
165,165,165,176.0,A,P,C,176.0,PRO,A,P0C512,176.0,P,T,loop,P,C
166,166,166,177.0,A,K,C,177.0,LYS,A,P0C512,177.0,K,T,loop,K,C
167,167,167,178.0,A,L,C,178.0,LEU,A,P0C512,178.0,L,T,loop,L,C
168,168,168,179.0,A,G,C,179.0,GLY,A,P0C512,179.0,G,T,loop,G,C
169,169,169,180.0,A,L,C,180.0,LEU,A,P0C512,180.0,L,T,loop,L,C
170,170,170,181.0,A,S,C,181.0,SER,A,P0C512,181.0,S,H,helix,S,C
171,171,171,182.0,A,A,H,182.0,ALA,A,P0C512,182.0,A,H,helix,A,H
172,172,172,183.0,A,K,H,183.0,LYS,A,P0C512,183.0,K,H,helix,K,H
173,173,173,184.0,A,N,H,184.0,ASN,A,P0C512,184.0,N,H,helix,N,H
174,174,174,185.0,A,Y,H,185.0,TYR,A,P0C512,185.0,Y,H,helix,Y,H
175,175,175,186.0,A,G,H,186.0,GLY,A,P0C512,186.0,G,H,helix,G,H
176,176,176,187.0,A,R,H,187.0,ARG,A,P0C512,187.0,R,H,helix,R,H
177,177,177,188.0,A,A,H,188.0,ALA,A,P0C512,188.0,A,H,helix,A,H
178,178,178,189.0,A,C,H,189.0,CYS,A,P0C512,189.0,C,H,helix,C,H
179,179,179,190.0,A,Y,H,190.0,TYR,A,P0C512,190.0,Y,H,helix,Y,H
180,180,180,191.0,A,E,H,191.0,GLU,A,P0C512,191.0,E,H,helix,E,H
181,181,181,192.0,A,C,H,192.0,CYS,A,P0C512,192.0,C,H,helix,C,H
182,182,182,193.0,A,L,H,193.0,LEU,A,P0C512,193.0,L,H,helix,L,H
183,183,183,194.0,A,R,H,194.0,ARG,A,P0C512,194.0,R,H,helix,R,H
184,184,184,195.0,A,G,C,195.0,GLY,A,P0C512,195.0,G,H,helix,G,C
185,185,185,196.0,A,G,C,196.0,GLY,A,P0C512,196.0,G,T,loop,G,C
186,186,186,197.0,A,L,C,197.0,LEU,A,P0C512,197.0,L,T,loop,L,C
187,187,187,198.0,A,D,C,198.0,ASP,A,P0C512,198.0,D,T,loop,D,C
188,188,188,199.0,A,F,E,199.0,PHE,A,P0C512,199.0,F,E,strand,F,E
189,189,189,200.0,A,T,E,200.0,THR,A,P0C512,200.0,T,E,strand,T,E
190,190,190,201.0,A,X,E,201.0,KCX,A,P0C512,201.0,K,E,strand,K,E
191,191,191,202.0,A,D,C,202.0,ASP,A,P0C512,202.0,D,T,loop,D,C
192,192,192,203.0,A,D,C,203.0,ASP,A,P0C512,203.0,D,T,loop,D,C
193,193,193,204.0,A,E,C,204.0,GLU,A,P0C512,204.0,E,T,loop,E,C
194,194,194,205.0,A,N,C,205.0,ASN,A,P0C512,205.0,N,T,loop,N,C
195,195,195,206.0,A,V,C,206.0,VAL,A,P0C512,206.0,V,T,loop,V,C
196,196,196,207.0,A,N,C,207.0,ASN,A,P0C512,207.0,N,T,loop,N,C
197,197,197,208.0,A,S,C,208.0,SER,A,P0C512,208.0,S,T,loop,S,C
198,198,198,209.0,A,Q,C,209.0,GLN,A,P0C512,209.0,Q,T,loop,Q,C
199,199,199,210.0,A,P,C,210.0,PRO,A,P0C512,210.0,P,T,loop,P,C
200,200,200,211.0,A,F,C,211.0,PHE,A,P0C512,211.0,F,T,loop,F,C
201,201,201,212.0,A,M,C,212.0,MET,A,P0C512,212.0,M,T,loop,M,C
202,202,202,213.0,A,R,C,213.0,ARG,A,P0C512,213.0,R,H,helix,R,C
203,203,203,214.0,A,W,H,214.0,TRP,A,P0C512,214.0,W,H,helix,W,H
204,204,204,215.0,A,R,H,215.0,ARG,A,P0C512,215.0,R,H,helix,R,H
205,205,205,216.0,A,D,H,216.0,ASP,A,P0C512,216.0,D,H,helix,D,H
206,206,206,217.0,A,R,H,217.0,ARG,A,P0C512,217.0,R,H,helix,R,H
207,207,207,218.0,A,F,H,218.0,PHE,A,P0C512,218.0,F,H,helix,F,H
208,208,208,219.0,A,V,H,219.0,VAL,A,P0C512,219.0,V,H,helix,V,H
209,209,209,220.0,A,F,H,220.0,PHE,A,P0C512,220.0,F,H,helix,F,H
210,210,210,221.0,A,C,H,221.0,CYS,A,P0C512,221.0,C,H,helix,C,H
211,211,211,222.0,A,A,H,222.0,ALA,A,P0C512,222.0,A,H,helix,A,H
212,212,212,223.0,A,E,H,223.0,GLU,A,P0C512,223.0,E,H,helix,E,H
213,213,213,224.0,A,A,H,224.0,ALA,A,P0C512,224.0,A,H,helix,A,H
214,214,214,225.0,A,I,H,225.0,ILE,A,P0C512,225.0,I,H,helix,I,H
215,215,215,226.0,A,Y,H,226.0,TYR,A,P0C512,226.0,Y,H,helix,Y,H
216,216,216,227.0,A,K,H,227.0,LYS,A,P0C512,227.0,K,H,helix,K,H
217,217,217,228.0,A,S,H,228.0,SER,A,P0C512,228.0,S,H,helix,S,H
218,218,218,229.0,A,Q,H,229.0,GLN,A,P0C512,229.0,Q,H,helix,Q,H
219,219,219,230.0,A,A,H,230.0,ALA,A,P0C512,230.0,A,H,helix,A,H
220,220,220,231.0,A,E,H,231.0,GLU,A,P0C512,231.0,E,H,helix,E,H
221,221,221,232.0,A,T,H,232.0,THR,A,P0C512,232.0,T,H,helix,T,H
222,222,222,233.0,A,G,C,233.0,GLY,A,P0C512,233.0,G,H,helix,G,C
223,223,223,234.0,A,E,C,234.0,GLU,A,P0C512,234.0,E,T,loop,E,C
224,224,224,235.0,A,I,C,235.0,ILE,A,P0C512,235.0,I,T,loop,I,C
225,225,225,236.0,A,K,C,236.0,LYS,A,P0C512,236.0,K,T,loop,K,C
226,226,226,237.0,A,G,E,237.0,GLY,A,P0C512,237.0,G,E,strand,G,E
227,227,227,238.0,A,H,E,238.0,HIS,A,P0C512,238.0,H,E,strand,H,E
228,228,228,239.0,A,Y,E,239.0,TYR,A,P0C512,239.0,Y,E,strand,Y,E
229,229,229,240.0,A,L,E,240.0,LEU,A,P0C512,240.0,L,E,strand,L,E
230,230,230,241.0,A,N,E,241.0,ASN,A,P0C512,241.0,N,E,strand,N,E
231,231,231,242.0,A,A,C,242.0,ALA,A,P0C512,242.0,A,T,loop,A,C
232,232,232,243.0,A,T,C,243.0,THR,A,P0C512,243.0,T,T,loop,T,C
233,233,233,244.0,A,A,C,244.0,ALA,A,P0C512,244.0,A,T,loop,A,C
234,234,234,245.0,A,G,C,245.0,GLY,A,P0C512,245.0,G,T,loop,G,C
235,235,235,246.0,A,T,C,246.0,THR,A,P0C512,246.0,T,H,helix,T,C
236,236,236,247.0,A,a,H,247.0,CYS,A,P0C512,247.0,C,H,helix,C,H
237,237,237,248.0,A,E,H,248.0,GLU,A,P0C512,248.0,E,H,helix,E,H
238,238,238,249.0,A,E,H,249.0,GLU,A,P0C512,249.0,E,H,helix,E,H
239,239,239,250.0,A,M,H,250.0,MET,A,P0C512,250.0,M,H,helix,M,H
240,240,240,251.0,A,I,H,251.0,ILE,A,P0C512,251.0,I,H,helix,I,H
241,241,241,252.0,A,K,H,252.0,LYS,A,P0C512,252.0,K,H,helix,K,H
242,242,242,253.0,A,R,H,253.0,ARG,A,P0C512,253.0,R,H,helix,R,H
243,243,243,254.0,A,A,H,254.0,ALA,A,P0C512,254.0,A,H,helix,A,H
244,244,244,255.0,A,V,H,255.0,VAL,A,P0C512,255.0,V,H,helix,V,H
245,245,245,256.0,A,F,H,256.0,PHE,A,P0C512,256.0,F,H,helix,F,H
246,246,246,257.0,A,A,H,257.0,ALA,A,P0C512,257.0,A,H,helix,A,H
247,247,247,258.0,A,R,H,258.0,ARG,A,P0C512,258.0,R,H,helix,R,H
248,248,248,259.0,A,E,H,259.0,GLU,A,P0C512,259.0,E,H,helix,E,H
249,249,249,260.0,A,L,H,260.0,LEU,A,P0C512,260.0,L,H,helix,L,C
250,250,250,261.0,A,G,C,261.0,GLY,A,P0C512,261.0,G,H,helix,G,C
251,251,251,262.0,A,V,C,262.0,VAL,A,P0C512,262.0,V,T,loop,V,C
252,252,252,263.0,A,P,C,263.0,PRO,A,P0C512,263.0,P,T,loop,P,C
253,253,253,264.0,A,I,E,264.0,ILE,A,P0C512,264.0,I,E,strand,I,E
254,254,254,265.0,A,V,E,265.0,VAL,A,P0C512,265.0,V,E,strand,V,E
255,255,255,266.0,A,M,E,266.0,MET,A,P0C512,266.0,M,E,strand,M,E
256,256,256,267.0,A,H,E,267.0,HIS,A,P0C512,267.0,H,E,strand,H,E
257,257,257,268.0,A,D,E,268.0,ASP,A,P0C512,268.0,D,E,strand,D,E
258,258,258,269.0,A,Y,H,269.0,TYR,A,P0C512,269.0,Y,H,helix,Y,H
259,259,259,270.0,A,L,H,270.0,LEU,A,P0C512,270.0,L,H,helix,L,H
260,260,260,271.0,A,T,H,271.0,THR,A,P0C512,271.0,T,H,helix,T,H
261,261,261,272.0,A,G,H,272.0,GLY,A,P0C512,272.0,G,H,helix,G,H
262,262,262,273.0,A,G,C,273.0,GLY,A,P0C512,273.0,G,H,helix,G,C
263,263,263,274.0,A,F,H,274.0,PHE,A,P0C512,274.0,F,H,helix,F,H
264,264,264,275.0,A,T,H,275.0,THR,A,P0C512,275.0,T,H,helix,T,H
265,265,265,276.0,A,A,H,276.0,ALA,A,P0C512,276.0,A,H,helix,A,H
266,266,266,277.0,A,N,H,277.0,ASN,A,P0C512,277.0,N,H,helix,N,H
267,267,267,278.0,A,T,H,278.0,THR,A,P0C512,278.0,T,H,helix,T,H
268,268,268,279.0,A,S,H,279.0,SER,A,P0C512,279.0,S,H,helix,S,H
269,269,269,280.0,A,L,H,280.0,LEU,A,P0C512,280.0,L,H,helix,L,H
270,270,270,281.0,A,A,H,281.0,ALA,A,P0C512,281.0,A,H,helix,A,H
271,271,271,282.0,A,H,H,282.0,HIS,A,P0C512,282.0,H,H,helix,H,H
272,272,272,283.0,A,Y,H,283.0,TYR,A,P0C512,283.0,Y,H,helix,Y,H
273,273,273,284.0,A,C,H,284.0,CYS,A,P0C512,284.0,C,H,helix,C,H
274,274,274,285.0,A,R,H,285.0,ARG,A,P0C512,285.0,R,H,helix,R,H
275,275,275,286.0,A,D,H,286.0,ASP,A,P0C512,286.0,D,H,helix,D,H
276,276,276,287.0,A,N,H,287.0,ASN,A,P0C512,287.0,N,H,helix,N,C
277,277,277,288.0,A,G,C,288.0,GLY,A,P0C512,288.0,G,H,helix,G,C
278,278,278,289.0,A,L,C,289.0,LEU,A,P0C512,289.0,L,T,loop,L,C
279,279,279,290.0,A,L,E,290.0,LEU,A,P0C512,290.0,L,E,strand,L,E
280,280,280,291.0,A,L,E,291.0,LEU,A,P0C512,291.0,L,E,strand,L,E
281,281,281,292.0,A,H,E,292.0,HIS,A,P0C512,292.0,H,E,strand,H,E
282,282,282,293.0,A,I,E,293.0,ILE,A,P0C512,293.0,I,E,strand,I,E
283,283,283,294.0,A,H,E,294.0,HIS,A,P0C512,294.0,H,E,strand,H,E
284,284,284,295.0,A,R,C,295.0,ARG,A,P0C512,295.0,R,T,loop,R,C
285,285,285,296.0,A,A,C,296.0,ALA,A,P0C512,296.0,A,T,loop,A,C
286,286,286,297.0,A,M,C,297.0,MET,A,P0C512,297.0,M,H,helix,M,C
287,287,287,298.0,A,H,H,298.0,HIS,A,P0C512,298.0,H,H,helix,H,H
288,288,288,299.0,A,A,H,299.0,ALA,A,P0C512,299.0,A,H,helix,A,H
289,289,289,300.0,A,V,H,300.0,VAL,A,P0C512,300.0,V,H,helix,V,H
290,290,290,301.0,A,I,H,301.0,ILE,A,P0C512,301.0,I,H,helix,I,H
291,291,291,302.0,A,D,H,302.0,ASP,A,P0C512,302.0,D,H,helix,D,H
292,292,292,303.0,A,R,C,303.0,ARG,A,P0C512,303.0,R,H,helix,R,C
293,293,293,304.0,A,Q,C,304.0,GLN,A,P0C512,304.0,Q,T,loop,Q,C
294,294,294,305.0,A,K,C,305.0,LYS,A,P0C512,305.0,K,T,loop,K,C
295,295,295,306.0,A,N,C,306.0,ASN,A,P0C512,306.0,N,T,loop,N,C
296,296,296,307.0,A,H,C,307.0,HIS,A,P0C512,307.0,H,T,loop,H,C
297,297,297,308.0,A,G,E,308.0,GLY,A,P0C512,308.0,G,E,strand,G,E
298,298,298,309.0,A,M,E,309.0,MET,A,P0C512,309.0,M,E,strand,M,E
299,299,299,310.0,A,H,C,310.0,HIS,A,P0C512,310.0,H,H,helix,H,C
300,300,300,311.0,A,F,H,311.0,PHE,A,P0C512,311.0,F,H,helix,F,H
301,301,301,312.0,A,R,H,312.0,ARG,A,P0C512,312.0,R,H,helix,R,H
302,302,302,313.0,A,V,H,313.0,VAL,A,P0C512,313.0,V,H,helix,V,H
303,303,303,314.0,A,L,H,314.0,LEU,A,P0C512,314.0,L,H,helix,L,H
304,304,304,315.0,A,A,H,315.0,ALA,A,P0C512,315.0,A,H,helix,A,H
305,305,305,316.0,A,K,H,316.0,LYS,A,P0C512,316.0,K,H,helix,K,H
306,306,306,317.0,A,A,H,317.0,ALA,A,P0C512,317.0,A,H,helix,A,H
307,307,307,318.0,A,L,H,318.0,LEU,A,P0C512,318.0,L,H,helix,L,H
308,308,308,319.0,A,R,H,319.0,ARG,A,P0C512,319.0,R,H,helix,R,H
309,309,309,320.0,A,M,H,320.0,MET,A,P0C512,320.0,M,H,helix,M,H
310,310,310,321.0,A,S,H,321.0,SER,A,P0C512,321.0,S,H,helix,S,H
311,311,311,322.0,A,G,C,322.0,GLY,A,P0C512,322.0,G,H,helix,G,C
312,312,312,323.0,A,G,C,323.0,GLY,A,P0C512,323.0,G,T,loop,G,C
313,313,313,324.0,A,D,C,324.0,ASP,A,P0C512,324.0,D,T,loop,D,C
314,314,314,325.0,A,H,E,325.0,HIS,A,P0C512,325.0,H,E,strand,H,E
315,315,315,326.0,A,I,E,326.0,ILE,A,P0C512,326.0,I,E,strand,I,E
316,316,316,327.0,A,H,E,327.0,HIS,A,P0C512,327.0,H,E,strand,H,E
317,317,317,328.0,A,A,C,328.0,ALA,A,P0C512,328.0,A,T,loop,A,C
318,318,318,329.0,A,G,C,329.0,GLY,A,P0C512,329.0,G,T,loop,G,C
319,319,319,330.0,A,T,C,330.0,THR,A,P0C512,330.0,T,T,loop,T,C
320,320,320,331.0,A,V,C,331.0,VAL,A,P0C512,331.0,V,T,loop,V,C
321,321,321,332.0,A,V,C,332.0,VAL,A,P0C512,332.0,V,T,loop,V,C
322,322,322,333.0,A,G,C,333.0,GLY,A,P0C512,333.0,G,T,loop,G,C
323,323,323,334.0,A,K,C,334.0,LYS,A,P0C512,334.0,K,T,loop,K,C
324,324,324,335.0,A,L,C,335.0,LEU,A,P0C512,335.0,L,T,loop,L,C
325,325,325,336.0,A,E,C,336.0,GLU,A,P0C512,336.0,E,T,loop,E,C
326,326,326,337.0,A,G,C,337.0,GLY,A,P0C512,337.0,G,T,loop,G,C
327,327,327,338.0,A,E,C,338.0,GLU,A,P0C512,338.0,E,H,helix,E,C
328,328,328,339.0,A,R,H,339.0,ARG,A,P0C512,339.0,R,H,helix,R,H
329,329,329,340.0,A,E,H,340.0,GLU,A,P0C512,340.0,E,H,helix,E,H
330,330,330,341.0,A,M,H,341.0,MET,A,P0C512,341.0,M,H,helix,M,H
331,331,331,342.0,A,T,H,342.0,THR,A,P0C512,342.0,T,H,helix,T,H
332,332,332,343.0,A,L,H,343.0,LEU,A,P0C512,343.0,L,H,helix,L,H
333,333,333,344.0,A,G,H,344.0,GLY,A,P0C512,344.0,G,H,helix,G,H
334,334,334,345.0,A,F,H,345.0,PHE,A,P0C512,345.0,F,H,helix,F,H
335,335,335,346.0,A,V,H,346.0,VAL,A,P0C512,346.0,V,H,helix,V,H
336,336,336,347.0,A,D,H,347.0,ASP,A,P0C512,347.0,D,H,helix,D,H
337,337,337,348.0,A,L,H,348.0,LEU,A,P0C512,348.0,L,H,helix,L,H
338,338,338,349.0,A,L,H,349.0,LEU,A,P0C512,349.0,L,H,helix,L,H
339,339,339,350.0,A,R,H,350.0,ARG,A,P0C512,350.0,R,H,helix,R,H
340,340,340,351.0,A,D,C,351.0,ASP,A,P0C512,351.0,D,H,helix,D,C
341,341,341,352.0,A,D,C,352.0,ASP,A,P0C512,352.0,D,T,loop,D,C
342,342,342,353.0,A,F,E,353.0,PHE,A,P0C512,353.0,F,E,strand,F,E
343,343,343,354.0,A,I,E,354.0,ILE,A,P0C512,354.0,I,E,strand,I,E
344,344,344,355.0,A,E,C,355.0,GLU,A,P0C512,355.0,E,T,loop,E,C
345,345,345,356.0,A,K,C,356.0,LYS,A,P0C512,356.0,K,T,loop,K,C
346,346,346,357.0,A,D,C,357.0,ASP,A,P0C512,357.0,D,T,loop,D,C
347,347,347,358.0,A,R,C,358.0,ARG,A,P0C512,358.0,R,H,helix,R,C
348,348,348,359.0,A,A,C,359.0,ALA,A,P0C512,359.0,A,H,helix,A,C
349,349,349,360.0,A,R,C,360.0,ARG,A,P0C512,360.0,R,H,helix,R,C
350,350,350,361.0,A,G,C,361.0,GLY,A,P0C512,361.0,G,H,helix,G,C
351,351,351,362.0,A,I,C,362.0,ILE,A,P0C512,362.0,I,T,loop,I,C
352,352,352,363.0,A,F,C,363.0,PHE,A,P0C512,363.0,F,T,loop,F,C
353,353,353,364.0,A,F,C,364.0,PHE,A,P0C512,364.0,F,T,loop,F,C
354,354,354,365.0,A,T,C,365.0,THR,A,P0C512,365.0,T,T,loop,T,C
355,355,355,366.0,A,Q,E,366.0,GLN,A,P0C512,366.0,Q,E,strand,Q,E
356,356,356,367.0,A,D,E,367.0,ASP,A,P0C512,367.0,D,E,strand,D,E
357,357,357,368.0,A,W,C,368.0,TRP,A,P0C512,368.0,W,T,loop,W,C
358,358,358,369.0,A,V,C,369.0,VAL,A,P0C512,369.0,V,T,loop,V,C
359,359,359,370.0,A,S,C,370.0,SER,A,P0C512,370.0,S,T,loop,S,C
360,360,360,371.0,A,M,C,371.0,MET,A,P0C512,371.0,M,T,loop,M,C
361,361,361,372.0,A,P,C,372.0,PRO,A,P0C512,372.0,P,T,loop,P,C
362,362,362,373.0,A,G,C,373.0,GLY,A,P0C512,373.0,G,T,loop,G,C
363,363,363,374.0,A,V,C,374.0,VAL,A,P0C512,374.0,V,T,loop,V,C
364,364,364,375.0,A,I,E,375.0,ILE,A,P0C512,375.0,I,E,strand,I,E
365,365,365,376.0,A,P,E,376.0,PRO,A,P0C512,376.0,P,E,strand,P,E
366,366,366,377.0,A,V,E,377.0,VAL,A,P0C512,377.0,V,E,strand,V,E
367,367,367,378.0,A,A,E,378.0,ALA,A,P0C512,378.0,A,E,strand,A,E
368,368,368,379.0,A,S,E,379.0,SER,A,P0C512,379.0,S,E,strand,S,E
369,369,369,380.0,A,G,C,380.0,GLY,A,P0C512,380.0,G,T,loop,G,C
370,370,370,381.0,A,G,C,381.0,GLY,A,P0C512,381.0,G,T,loop,G,C
371,371,371,382.0,A,I,C,382.0,ILE,A,P0C512,382.0,I,T,loop,I,C
372,372,372,383.0,A,H,C,383.0,HIS,A,P0C512,383.0,H,H,helix,H,C
373,373,373,384.0,A,V,C,384.0,VAL,A,P0C512,384.0,V,H,helix,V,C
374,374,374,385.0,A,W,C,385.0,TRP,A,P0C512,385.0,W,H,helix,W,C
375,375,375,386.0,A,H,C,386.0,HIS,A,P0C512,386.0,H,H,helix,H,C
376,376,376,387.0,A,M,H,387.0,MET,A,P0C512,387.0,M,H,helix,M,H
377,377,377,388.0,A,P,H,388.0,PRO,A,P0C512,388.0,P,H,helix,P,H
378,378,378,389.0,A,A,H,389.0,ALA,A,P0C512,389.0,A,H,helix,A,H
379,379,379,390.0,A,L,H,390.0,LEU,A,P0C512,390.0,L,H,helix,L,H
380,380,380,391.0,A,T,H,391.0,THR,A,P0C512,391.0,T,H,helix,T,H
381,381,381,392.0,A,E,H,392.0,GLU,A,P0C512,392.0,E,H,helix,E,H
382,382,382,393.0,A,I,H,393.0,ILE,A,P0C512,393.0,I,H,helix,I,H
383,383,383,394.0,A,F,H,394.0,PHE,A,P0C512,394.0,F,H,helix,F,H
384,384,384,395.0,A,G,C,395.0,GLY,A,P0C512,395.0,G,H,helix,G,C
385,385,385,396.0,A,D,C,396.0,ASP,A,P0C512,396.0,D,T,loop,D,C
386,386,386,397.0,A,D,C,397.0,ASP,A,P0C512,397.0,D,T,loop,D,C
387,387,387,398.0,A,S,C,398.0,SER,A,P0C512,398.0,S,T,loop,S,C
388,388,388,399.0,A,V,E,399.0,VAL,A,P0C512,399.0,V,E,strand,V,E
389,389,389,400.0,A,L,E,400.0,LEU,A,P0C512,400.0,L,E,strand,L,E
390,390,390,401.0,A,Q,E,401.0,GLN,A,P0C512,401.0,Q,E,strand,Q,E
391,391,391,402.0,A,F,C,402.0,PHE,A,P0C512,402.0,F,T,loop,F,C
392,392,392,403.0,A,G,C,403.0,GLY,A,P0C512,403.0,G,H,helix,G,C
393,393,393,404.0,A,G,H,404.0,GLY,A,P0C512,404.0,G,H,helix,G,H
394,394,394,405.0,A,G,H,405.0,GLY,A,P0C512,405.0,G,H,helix,G,H
395,395,395,406.0,A,T,H,406.0,THR,A,P0C512,406.0,T,H,helix,T,H
396,396,396,407.0,A,L,H,407.0,LEU,A,P0C512,407.0,L,H,helix,L,H
397,397,397,408.0,A,G,C,408.0,GLY,A,P0C512,408.0,G,H,helix,G,C
398,398,398,409.0,A,H,C,409.0,HIS,A,P0C512,409.0,H,T,loop,H,C
399,399,399,410.0,A,P,C,410.0,PRO,A,P0C512,410.0,P,T,loop,P,C
400,400,400,411.0,A,W,C,411.0,TRP,A,P0C512,411.0,W,T,loop,W,C
401,401,401,412.0,A,G,C,412.0,GLY,A,P0C512,412.0,G,H,helix,G,C
402,402,402,413.0,A,N,H,413.0,ASN,A,P0C512,413.0,N,H,helix,N,H
403,403,403,414.0,A,A,H,414.0,ALA,A,P0C512,414.0,A,H,helix,A,H
404,404,404,415.0,A,P,H,415.0,PRO,A,P0C512,415.0,P,H,helix,P,H
405,405,405,416.0,A,G,H,416.0,GLY,A,P0C512,416.0,G,H,helix,G,H
406,406,406,417.0,A,A,H,417.0,ALA,A,P0C512,417.0,A,H,helix,A,H
407,407,407,418.0,A,A,H,418.0,ALA,A,P0C512,418.0,A,H,helix,A,H
408,408,408,419.0,A,A,H,419.0,ALA,A,P0C512,419.0,A,H,helix,A,H
409,409,409,420.0,A,N,H,420.0,ASN,A,P0C512,420.0,N,H,helix,N,H
410,410,410,421.0,A,R,H,421.0,ARG,A,P0C512,421.0,R,H,helix,R,H
411,411,411,422.0,A,V,H,422.0,VAL,A,P0C512,422.0,V,H,helix,V,H
412,412,412,423.0,A,A,H,423.0,ALA,A,P0C512,423.0,A,H,helix,A,H
413,413,413,424.0,A,L,H,424.0,LEU,A,P0C512,424.0,L,H,helix,L,H
414,414,414,425.0,A,E,H,425.0,GLU,A,P0C512,425.0,E,H,helix,E,H
415,415,415,426.0,A,A,H,426.0,ALA,A,P0C512,426.0,A,H,helix,A,H
416,416,416,427.0,A,C,H,427.0,CYS,A,P0C512,427.0,C,H,helix,C,H
417,417,417,428.0,A,V,H,428.0,VAL,A,P0C512,428.0,V,H,helix,V,H
418,418,418,429.0,A,Q,H,429.0,GLN,A,P0C512,429.0,Q,H,helix,Q,H
419,419,419,430.0,A,A,H,430.0,ALA,A,P0C512,430.0,A,H,helix,A,H
420,420,420,431.0,A,R,H,431.0,ARG,A,P0C512,431.0,R,H,helix,R,H
421,421,421,432.0,A,N,H,432.0,ASN,A,P0C512,432.0,N,H,helix,N,H
422,422,422,433.0,A,E,C,433.0,GLU,A,P0C512,433.0,E,H,helix,E,C
423,423,423,434.0,A,G,C,434.0,GLY,A,P0C512,434.0,G,T,loop,G,C
424,424,424,435.0,A,R,C,435.0,ARG,A,P0C512,435.0,R,T,loop,R,C
425,425,425,436.0,A,D,C,436.0,ASP,A,P0C512,436.0,D,H,helix,D,C
426,426,426,437.0,A,L,H,437.0,LEU,A,P0C512,437.0,L,H,helix,L,H
427,427,427,438.0,A,A,H,438.0,ALA,A,P0C512,438.0,A,H,helix,A,H
428,428,428,439.0,A,R,H,439.0,ARG,A,P0C512,439.0,R,H,helix,R,H
429,429,429,440.0,A,E,H,440.0,GLU,A,P0C512,440.0,E,H,helix,E,H
430,430,430,441.0,A,G,H,441.0,GLY,A,P0C512,441.0,G,H,helix,G,H
431,431,431,442.0,A,N,H,442.0,ASN,A,P0C512,442.0,N,H,helix,N,H
432,432,432,443.0,A,E,H,443.0,GLU,A,P0C512,443.0,E,H,helix,E,H
433,433,433,444.0,A,I,H,444.0,ILE,A,P0C512,444.0,I,H,helix,I,H
434,434,434,445.0,A,I,H,445.0,ILE,A,P0C512,445.0,I,H,helix,I,H
435,435,435,446.0,A,R,H,446.0,ARG,A,P0C512,446.0,R,H,helix,R,H
436,436,436,447.0,A,S,H,447.0,SER,A,P0C512,447.0,S,H,helix,S,H
437,437,437,448.0,A,A,H,448.0,ALA,A,P0C512,448.0,A,H,helix,A,H
438,438,438,449.0,A,C,H,449.0,CYS,A,P0C512,449.0,C,H,helix,C,C
439,439,439,450.0,A,K,C,450.0,LYS,A,P0C512,450.0,K,H,helix,K,C
440,440,440,451.0,A,W,C,451.0,TRP,A,P0C512,451.0,W,T,loop,W,C
441,441,441,452.0,A,S,C,452.0,SER,A,P0C512,452.0,S,H,helix,S,C
442,442,442,453.0,A,P,H,453.0,PRO,A,P0C512,453.0,P,H,helix,P,H
443,443,443,454.0,A,E,H,454.0,GLU,A,P0C512,454.0,E,H,helix,E,H
444,444,444,455.0,A,L,H,455.0,LEU,A,P0C512,455.0,L,H,helix,L,H
445,445,445,456.0,A,A,H,456.0,ALA,A,P0C512,456.0,A,H,helix,A,H
446,446,446,457.0,A,A,H,457.0,ALA,A,P0C512,457.0,A,H,helix,A,H
447,447,447,458.0,A,A,H,458.0,ALA,A,P0C512,458.0,A,H,helix,A,H
448,448,448,459.0,A,C,H,459.0,CYS,A,P0C512,459.0,C,H,helix,C,H
449,449,449,460.0,A,E,H,460.0,GLU,A,P0C512,460.0,E,H,helix,E,H
450,450,450,461.0,A,I,H,461.0,ILE,A,P0C512,461.0,I,H,helix,I,H
451,451,451,462.0,A,W,H,462.0,TRP,A,P0C512,462.0,W,H,helix,W,H
452,452,452,463.0,A,K,C,463.0,LYS,A,P0C512,463.0,K,H,helix,K,C
453,453,453,464.0,A,A,C,464.0,ALA,A,P0C512,464.0,A,T,loop,A,C
454,454,454,465.0,A,I,C,465.0,ILE,A,P0C512,465.0,I,T,loop,I,C
455,455,455,466.0,A,K,C,466.0,LYS,A,P0C512,466.0,K,T,loop,K,C
456,456,456,467.0,A,F,C,467.0,PHE,A,P0C512,467.0,F,T,loop,F,C
457,457,457,468.0,A,E,C,468.0,GLU,A,P0C512,468.0,E,T,loop,E,C
458,458,458,469.0,A,F,C,469.0,PHE,A,P0C512,469.0,F,T,loop,F,C
459,459,459,470.0,A,E,C,470.0,GLU,A,P0C512,470.0,E,T,loop,E,C
460,460,460,471.0,A,P,C,471.0,PRO,A,P0C512,471.0,P,T,loop,P,C
461,461,461,472.0,A,V,C,472.0,VAL,A,P0C512,472.0,V,T,loop,V,C
462,462,462,473.0,A,D,C,473.0,ASP,A,P0C512,473.0,D,T,loop,D,C
463,463,463,474.0,A,K,C,474.0,LYS,A,P0C512,474.0,K,T,loop,K,C
464,464,464,475.0,A,L,C,475.0,LEU,A,P0C512,475.0,L,T,loop,L,C
