,Unnamed: 0.1,Unnamed: 0,RES,CHAIN,AA,SS_CLASS,PDB_dbResNum,PDB_dbResName,PDB_dbChainId,UniProt_dbAccessionId,UniProt_dbResNum,UniProt_dbResName,PDB_codeSecondaryStructure,PDB_nameSecondaryStructure,shifted Uni,AF_predictions
0,0,0,8.0,A,P,C,8.0,PRO,A,Q7D756,8.0,P,H,helix,P,H
1,1,1,9.0,A,E,H,9.0,GLU,A,Q7D756,9.0,E,H,helix,E,H
2,2,2,10.0,A,A,H,10.0,ALA,A,Q7D756,10.0,A,H,helix,V,H
3,3,3,11.0,A,L,H,11.0,LEU,A,Q7D756,11.0,L,H,helix,N,H
4,4,4,12.0,A,T,H,12.0,THR,A,Q7D756,12.0,T,H,helix,S,H
5,5,5,13.0,A,V,H,13.0,VAL,A,Q7D756,13.0,V,H,helix,A,H
6,6,6,14.0,A,A,H,14.0,ALA,A,Q7D756,14.0,A,H,helix,N,H
7,7,7,15.0,A,A,H,15.0,ALA,A,Q7D756,15.0,A,H,helix,I,H
8,8,8,16.0,A,T,H,16.0,THR,A,Q7D756,16.0,T,H,helix,Y,H
9,9,9,17.0,A,E,H,17.0,GLU,A,Q7D756,17.0,E,H,helix,A,C
10,10,10,18.0,A,V,H,18.0,VAL,A,Q7D756,18.0,V,H,helix,G,C
11,11,11,19.0,A,R,H,19.0,ARG,A,Q7D756,19.0,R,H,helix,P,C
12,12,12,20.0,A,R,H,20.0,ARG,A,Q7D756,20.0,R,H,helix,G,C
13,13,13,21.0,A,I,H,21.0,ILE,A,Q7D756,21.0,I,H,helix,P,C
14,14,14,22.0,A,R,H,22.0,ARG,A,Q7D756,22.0,R,H,helix,D,H
15,15,15,23.0,A,D,H,23.0,ASP,A,Q7D756,23.0,D,H,helix,S,H
16,16,16,24.0,A,R,H,24.0,ARG,A,Q7D756,24.0,R,H,helix,M,H
17,17,17,25.0,A,A,H,25.0,ALA,A,Q7D756,25.0,A,H,helix,L,H
18,18,18,26.0,A,I,H,26.0,ILE,A,Q7D756,26.0,I,H,helix,A,H
19,19,19,27.0,A,Q,H,27.0,GLN,A,Q7D756,27.0,Q,H,helix,A,H
20,20,20,28.0,A,S,H,28.0,SER,A,Q7D756,28.0,S,H,helix,A,H
21,21,21,29.0,A,D,H,29.0,ASP,A,Q7D756,29.0,D,H,helix,R,H
22,22,22,30.0,A,A,H,30.0,ALA,A,Q7D756,30.0,A,H,helix,A,H
23,23,23,31.0,A,Q,H,31.0,GLN,A,Q7D756,31.0,Q,H,helix,W,H
24,24,24,32.0,A,V,H,32.0,VAL,A,Q7D756,32.0,V,H,helix,R,H
25,25,25,33.0,A,A,H,33.0,ALA,A,Q7D756,33.0,A,H,helix,S,H
26,26,26,34.0,A,P,H,34.0,PRO,A,Q7D756,34.0,P,H,helix,L,H
27,27,27,35.0,A,M,H,35.0,MET,A,Q7D756,35.0,M,H,helix,D,H
28,28,28,36.0,A,T,H,36.0,THR,A,Q7D756,36.0,T,H,helix,V,H
29,29,29,37.0,A,T,C,37.0,THR,A,Q7D756,37.0,T,H,helix,E,H
30,30,30,38.0,A,A,C,38.0,ALA,A,Q7D756,38.0,A,T,loop,M,H
31,31,31,39.0,A,V,C,39.0,VAL,A,Q7D756,39.0,V,T,loop,T,H
32,32,32,40.0,A,R,C,40.0,ARG,A,Q7D756,40.0,R,T,loop,A,H
33,33,33,41.0,A,P,C,41.0,PRO,A,Q7D756,41.0,P,T,loop,V,H
34,34,34,42.0,A,P,C,42.0,PRO,A,Q7D756,42.0,P,T,loop,Q,H
35,35,35,43.0,A,A,C,43.0,ALA,A,Q7D756,43.0,A,T,loop,R,H
36,36,36,44.0,A,A,C,44.0,ALA,A,Q7D756,44.0,A,T,loop,S,H
37,37,37,45.0,A,D,C,45.0,ASP,A,Q7D756,45.0,D,H,helix,F,H
38,38,38,46.0,A,L,H,46.0,LEU,A,Q7D756,46.0,L,H,helix,N,H
39,39,39,47.0,A,V,H,47.0,VAL,A,Q7D756,47.0,V,H,helix,R,H
40,40,40,48.0,A,S,H,48.0,SER,A,Q7D756,48.0,S,H,helix,T,H
41,41,41,49.0,A,E,H,49.0,GLU,A,Q7D756,49.0,E,H,helix,L,H
42,42,42,50.0,A,K,H,50.0,LYS,A,Q7D756,50.0,K,H,helix,L,H
43,43,43,51.0,A,A,H,51.0,ALA,A,Q7D756,51.0,A,H,helix,S,H
44,44,44,52.0,A,A,H,52.0,ALA,A,Q7D756,52.0,A,H,helix,L,H
45,45,45,53.0,A,T,H,53.0,THR,A,Q7D756,53.0,T,H,helix,M,H
46,46,46,54.0,A,F,H,54.0,PHE,A,Q7D756,54.0,F,H,helix,D,H
47,47,47,55.0,A,L,H,55.0,LEU,A,Q7D756,55.0,L,H,helix,A,H
48,48,48,56.0,A,V,H,56.0,VAL,A,Q7D756,56.0,V,H,helix,W,C
49,49,49,57.0,A,E,H,57.0,GLU,A,Q7D756,57.0,E,H,helix,A,C
50,50,50,58.0,A,Y,H,58.0,TYR,A,Q7D756,58.0,Y,H,helix,G,C
51,51,51,59.0,A,A,H,59.0,ALA,A,Q7D756,59.0,A,H,helix,P,H
52,52,52,60.0,A,R,H,60.0,ARG,A,Q7D756,60.0,R,H,helix,V,H
53,53,53,61.0,A,K,H,61.0,LYS,A,Q7D756,61.0,K,H,helix,V,H
54,54,54,62.0,A,Y,H,62.0,TYR,A,Q7D756,62.0,Y,H,helix,M,H
55,55,55,63.0,A,R,H,63.0,ARG,A,Q7D756,63.0,R,H,helix,Q,H
56,56,56,64.0,A,Q,H,64.0,GLN,A,Q7D756,64.0,Q,H,helix,L,H
57,57,57,65.0,A,T,H,65.0,THR,A,Q7D756,65.0,T,H,helix,M,H
58,58,58,66.0,A,I,H,66.0,ILE,A,Q7D756,66.0,I,H,helix,E,H
59,59,59,67.0,A,A,H,67.0,ALA,A,Q7D756,67.0,A,H,helix,A,H
60,60,60,68.0,A,A,H,68.0,ALA,A,Q7D756,68.0,A,H,helix,A,H
61,61,61,69.0,A,A,H,69.0,ALA,A,Q7D756,69.0,A,H,helix,K,H
62,62,62,70.0,A,A,H,70.0,ALA,A,Q7D756,70.0,A,H,helix,P,H
63,63,63,71.0,A,V,H,71.0,VAL,A,Q7D756,71.0,V,H,helix,F,H
64,64,64,72.0,A,V,H,72.0,VAL,A,Q7D756,72.0,V,H,helix,V,H
65,65,65,73.0,A,L,H,73.0,LEU,A,Q7D756,73.0,L,H,helix,R,H
66,66,66,74.0,A,E,H,74.0,GLU,A,Q7D756,74.0,E,H,helix,W,H
67,67,67,75.0,A,E,H,75.0,GLU,A,Q7D756,75.0,E,H,helix,L,H
68,68,68,76.0,A,F,H,76.0,PHE,A,Q7D756,76.0,F,H,helix,T,H
69,69,69,77.0,A,A,H,77.0,ALA,A,Q7D756,77.0,A,H,helix,D,H
70,70,70,78.0,A,H,H,78.0,HIS,A,Q7D756,78.0,H,H,helix,L,H
71,71,71,79.0,A,A,H,79.0,ALA,A,Q7D756,79.0,A,H,helix,C,H
72,72,72,80.0,A,L,H,80.0,LEU,A,Q7D756,80.0,L,H,helix,V,H
73,73,73,81.0,A,T,H,81.0,THR,A,Q7D756,81.0,T,H,helix,Q,H
74,74,74,82.0,A,T,C,82.0,THR,A,Q7D756,82.0,T,H,helix,L,H
75,75,75,83.0,A,G,C,83.0,GLY,A,Q7D756,83.0,G,T,loop,S,H
76,76,76,84.0,A,A,C,84.0,ALA,A,Q7D756,84.0,A,T,loop,E,H
