,Unnamed: 0.1,Unnamed: 0,RES,CHAIN,AA,SS_CLASS,PDB_dbResNum,PDB_dbResName,PDB_dbChainId,UniProt_dbAccessionId,UniProt_dbResNum,UniProt_dbResName,PDB_codeSecondaryStructure,PDB_nameSecondaryStructure,shifted Uni,AF_predictions
0,2,2,1.0,A,X,C,1.0,MSE,A,P52917,1.0,M,T,loop,M,C
1,3,3,2.0,A,S,C,2.0,SER,A,P52917,2.0,S,T,loop,S,C
2,4,4,3.0,A,T,C,3.0,THR,A,P52917,3.0,T,T,loop,L,C
3,5,5,4.0,A,G,C,4.0,GLY,A,P52917,4.0,G,T,loop,F,H
4,6,6,5.0,A,D,C,5.0,ASP,A,P52917,5.0,D,H,helix,E,H
5,7,7,6.0,A,F,H,6.0,PHE,A,P52917,6.0,F,H,helix,W,H
6,8,8,7.0,A,L,H,7.0,LEU,A,P52917,7.0,L,H,helix,V,H
7,9,9,8.0,A,T,H,8.0,THR,A,P52917,8.0,T,H,helix,F,C
8,10,10,9.0,A,K,H,9.0,LYS,A,P52917,9.0,K,H,helix,G,C
9,11,11,10.0,A,G,H,10.0,GLY,A,P52917,10.0,G,H,helix,K,C
10,12,12,11.0,A,I,H,11.0,ILE,A,P52917,11.0,I,H,helix,N,C
11,13,13,12.0,A,E,H,12.0,GLU,A,P52917,12.0,E,H,helix,V,C
12,14,14,13.0,A,L,H,13.0,LEU,A,P52917,13.0,L,H,helix,T,C
13,15,15,14.0,A,V,H,14.0,VAL,A,P52917,14.0,V,H,helix,P,H
14,16,16,15.0,A,Q,H,15.0,GLN,A,P52917,15.0,Q,H,helix,Q,H
15,17,17,16.0,A,K,H,16.0,LYS,A,P52917,16.0,K,H,helix,E,H
16,18,18,17.0,A,A,H,17.0,ALA,A,P52917,17.0,A,H,helix,R,H
17,19,19,18.0,A,I,H,18.0,ILE,A,P52917,18.0,I,H,helix,L,H
18,20,20,19.0,A,D,H,19.0,ASP,A,P52917,19.0,D,H,helix,K,H
19,21,21,20.0,A,L,H,20.0,LEU,A,P52917,20.0,L,H,helix,K,H
20,22,22,21.0,A,D,H,21.0,ASP,A,P52917,21.0,D,H,helix,N,H
21,23,23,22.0,A,T,H,22.0,THR,A,P52917,22.0,T,H,helix,Q,H
22,24,24,23.0,A,A,C,23.0,ALA,A,P52917,23.0,A,H,helix,R,H
23,25,25,24.0,A,T,C,24.0,THR,A,P52917,24.0,T,T,loop,A,H
24,26,26,25.0,A,Q,C,25.0,GLN,A,P52917,25.0,Q,H,helix,L,H
25,27,27,26.0,A,Y,H,26.0,TYR,A,P52917,26.0,Y,H,helix,E,H
26,28,28,27.0,A,E,H,27.0,GLU,A,P52917,27.0,E,H,helix,R,H
27,29,29,28.0,A,E,H,28.0,GLU,A,P52917,28.0,E,H,helix,T,H
28,30,30,29.0,A,A,H,29.0,ALA,A,P52917,29.0,A,H,helix,Q,H
29,31,31,30.0,A,Y,H,30.0,TYR,A,P52917,30.0,Y,H,helix,R,H
30,32,32,31.0,A,T,H,31.0,THR,A,P52917,31.0,T,H,helix,E,H
31,33,33,32.0,A,A,H,32.0,ALA,A,P52917,32.0,A,H,helix,L,H
32,34,34,33.0,A,Y,H,33.0,TYR,A,P52917,33.0,Y,H,helix,E,H
33,35,35,34.0,A,Y,H,34.0,TYR,A,P52917,34.0,Y,H,helix,R,H
34,36,36,35.0,A,N,H,35.0,ASN,A,P52917,35.0,N,H,helix,E,H
35,37,37,36.0,A,G,H,36.0,GLY,A,P52917,36.0,G,H,helix,K,H
36,38,38,37.0,A,L,H,37.0,LEU,A,P52917,37.0,L,H,helix,R,H
37,39,39,38.0,A,D,H,38.0,ASP,A,P52917,38.0,D,H,helix,K,H
38,40,40,39.0,A,Y,H,39.0,TYR,A,P52917,39.0,Y,H,helix,L,H
39,41,41,40.0,A,L,H,40.0,LEU,A,P52917,40.0,L,H,helix,E,H
40,42,42,41.0,A,X,H,41.0,MSE,A,P52917,41.0,M,H,helix,L,H
41,43,43,42.0,A,L,H,42.0,LEU,A,P52917,42.0,L,H,helix,Q,H
42,44,44,43.0,A,A,H,43.0,ALA,A,P52917,43.0,A,H,helix,D,H
43,45,45,44.0,A,L,H,44.0,LEU,A,P52917,44.0,L,H,helix,K,H
44,46,46,45.0,A,K,H,45.0,LYS,A,P52917,45.0,K,H,helix,K,H
45,47,47,46.0,A,Y,H,46.0,TYR,A,P52917,46.0,Y,H,helix,L,H
46,48,48,47.0,A,E,C,47.0,GLU,A,P52917,47.0,E,H,helix,V,H
47,49,49,48.0,A,K,C,48.0,LYS,A,P52917,48.0,K,T,loop,S,H
48,50,50,49.0,A,N,C,49.0,ASN,A,P52917,49.0,N,H,helix,E,H
49,51,51,50.0,A,P,H,50.0,PRO,A,P52917,50.0,P,H,helix,I,H
50,52,52,51.0,A,K,H,51.0,LYS,A,P52917,51.0,K,H,helix,K,H
51,53,53,52.0,A,S,H,52.0,SER,A,P52917,52.0,S,H,helix,K,H
52,54,54,53.0,A,K,H,53.0,LYS,A,P52917,53.0,K,H,helix,S,H
53,55,55,54.0,A,D,H,54.0,ASP,A,P52917,54.0,D,H,helix,A,H
54,56,56,55.0,A,L,H,55.0,LEU,A,P52917,55.0,L,H,helix,K,H
55,57,57,56.0,A,I,H,56.0,ILE,A,P52917,56.0,I,H,helix,N,C
56,58,58,57.0,A,R,H,57.0,ARG,A,P52917,57.0,R,H,helix,G,C
57,59,59,58.0,A,A,H,58.0,ALA,A,P52917,58.0,A,H,helix,Q,C
58,60,60,59.0,A,K,H,59.0,LYS,A,P52917,59.0,K,H,helix,V,H
59,61,61,60.0,A,F,H,60.0,PHE,A,P52917,60.0,F,H,helix,A,H
60,62,62,61.0,A,T,H,61.0,THR,A,P52917,61.0,T,H,helix,A,H
61,63,63,62.0,A,E,H,62.0,GLU,A,P52917,62.0,E,H,helix,A,H
62,64,64,63.0,A,Y,H,63.0,TYR,A,P52917,63.0,Y,H,helix,K,H
63,65,65,64.0,A,L,H,64.0,LEU,A,P52917,64.0,L,H,helix,V,H
64,66,66,65.0,A,N,H,65.0,ASN,A,P52917,65.0,N,H,helix,Q,H
65,67,67,66.0,A,R,H,66.0,ARG,A,P52917,66.0,R,H,helix,A,H
66,68,68,67.0,A,A,H,67.0,ALA,A,P52917,67.0,A,H,helix,K,H
67,69,69,68.0,A,E,H,68.0,GLU,A,P52917,68.0,E,H,helix,D,H
68,70,70,69.0,A,Q,H,69.0,GLN,A,P52917,69.0,Q,H,helix,L,H
69,71,71,70.0,A,L,H,70.0,LEU,A,P52917,70.0,L,H,helix,V,H
70,72,72,71.0,A,K,H,71.0,LYS,A,P52917,71.0,K,H,helix,R,H
71,73,73,72.0,A,K,H,72.0,LYS,A,P52917,72.0,K,H,helix,T,H
72,74,74,73.0,A,H,H,73.0,HIS,A,P52917,73.0,H,H,helix,R,H
73,75,75,74.0,A,L,H,74.0,LEU,A,P52917,74.0,L,H,helix,N,H
74,76,76,75.0,A,E,H,75.0,GLU,A,P52917,75.0,E,H,helix,Y,H
75,77,77,76.0,A,S,H,76.0,SER,A,P52917,76.0,S,H,helix,I,H
76,78,78,77.0,A,E,H,77.0,GLU,A,P52917,77.0,E,H,helix,Q,H
77,79,79,78.0,A,E,H,78.0,GLU,A,P52917,78.0,E,H,helix,K,H
78,80,80,79.0,A,A,H,79.0,ALA,A,P52917,79.0,A,H,helix,F,H
79,81,81,80.0,A,N,C,80.0,ASN,A,P52917,80.0,N,H,helix,D,H
