,Unnamed: 0.1,Unnamed: 0,RES,CHAIN,AA,SS_CLASS,PDB_dbResNum,PDB_dbResName,PDB_dbChainId,UniProt_dbAccessionId,UniProt_dbResNum,UniProt_dbResName,PDB_codeSecondaryStructure,PDB_nameSecondaryStructure,shifted Uni,AF_predictions
0,1,1,1.0,A,N,C,1.0,ASN,A,P37001,26.0,N,H,helix,N,H
1,2,2,2.0,A,A,H,2.0,ALA,A,P37001,27.0,A,H,helix,A,H
2,3,3,3.0,A,D,H,3.0,ASP,A,P37001,28.0,D,H,helix,D,H
3,4,4,4.0,A,E,H,4.0,GLU,A,P37001,29.0,E,H,helix,E,H
4,5,5,5.0,A,W,H,5.0,TRP,A,P37001,30.0,W,H,helix,W,H
5,6,6,6.0,A,M,H,6.0,MET,A,P37001,31.0,M,H,helix,M,H
6,7,7,7.0,A,T,H,7.0,THR,A,P37001,32.0,T,H,helix,T,H
7,8,8,8.0,A,T,H,8.0,THR,A,P37001,33.0,T,H,helix,T,H
8,9,9,9.0,A,F,H,9.0,PHE,A,P37001,34.0,F,H,helix,F,H
9,10,10,10.0,A,R,H,10.0,ARG,A,P37001,35.0,R,H,helix,R,H
10,11,11,11.0,A,E,H,11.0,GLU,A,P37001,36.0,E,H,helix,E,H
11,12,12,12.0,A,N,H,12.0,ASN,A,P37001,37.0,N,H,helix,N,H
12,13,13,13.0,A,I,H,13.0,ILE,A,P37001,38.0,I,H,helix,I,H
13,14,14,14.0,A,A,H,14.0,ALA,A,P37001,39.0,A,H,helix,A,H
14,15,15,15.0,A,Q,H,15.0,GLN,A,P37001,40.0,Q,H,helix,Q,H
15,16,16,16.0,A,T,H,16.0,THR,A,P37001,41.0,T,H,helix,T,H
16,17,17,17.0,A,W,H,17.0,TRP,A,P37001,42.0,W,H,helix,W,H
17,18,18,18.0,A,Q,H,18.0,GLN,A,P37001,43.0,Q,H,helix,Q,H
18,19,19,19.0,A,Q,C,19.0,GLN,A,P37001,44.0,Q,H,helix,Q,C
19,20,20,20.0,A,P,C,20.0,PRO,A,P37001,45.0,P,T,loop,P,C
20,21,21,21.0,A,E,C,21.0,GLU,A,P37001,46.0,E,T,loop,E,C
21,22,22,22.0,A,H,E,22.0,HIS,A,P37001,47.0,H,E,strand,H,E
22,23,23,23.0,A,Y,E,23.0,TYR,A,P37001,48.0,Y,E,strand,Y,E
23,24,24,24.0,A,D,E,24.0,ASP,A,P37001,49.0,D,E,strand,D,E
24,25,25,25.0,A,L,E,25.0,LEU,A,P37001,50.0,L,E,strand,L,E
25,26,26,26.0,A,Y,E,26.0,TYR,A,P37001,51.0,Y,E,strand,Y,E
26,27,27,27.0,A,I,E,27.0,ILE,A,P37001,52.0,I,E,strand,I,E
27,28,28,28.0,A,P,E,28.0,PRO,A,P37001,53.0,P,E,strand,P,E
28,29,29,29.0,A,A,E,29.0,ALA,A,P37001,54.0,A,E,strand,A,E
29,30,30,30.0,A,I,E,30.0,ILE,A,P37001,55.0,I,E,strand,I,E
30,31,31,31.0,A,T,E,31.0,THR,A,P37001,56.0,T,E,strand,T,E
31,32,32,32.0,A,W,E,32.0,TRP,A,P37001,57.0,W,E,strand,W,E
32,33,33,33.0,A,H,E,33.0,HIS,A,P37001,58.0,H,E,strand,H,E
33,34,34,34.0,A,A,C,34.0,ALA,A,P37001,59.0,A,T,loop,A,C
34,35,35,35.0,A,R,C,35.0,ARG,A,P37001,60.0,R,T,loop,R,C
35,36,36,36.0,A,F,C,36.0,PHE,A,P37001,61.0,F,T,loop,F,C
36,37,37,37.0,A,A,C,37.0,ALA,A,P37001,62.0,A,T,loop,A,C
37,38,38,46.0,A,Y,C,46.0,TYR,A,P37001,71.0,Y,T,loop,Y,C
38,39,39,47.0,A,N,C,47.0,ASN,A,P37001,72.0,N,T,loop,N,C
39,40,40,48.0,A,E,C,48.0,GLU,A,P37001,73.0,E,T,loop,E,C
40,41,41,49.0,A,R,C,49.0,ARG,A,P37001,74.0,R,T,loop,R,C
41,42,42,50.0,A,P,C,50.0,PRO,A,P37001,75.0,P,T,loop,P,C
42,43,43,51.0,A,W,C,51.0,TRP,A,P37001,76.0,W,T,loop,W,C
43,44,44,52.0,A,G,E,52.0,GLY,A,P37001,77.0,G,E,strand,G,E
44,45,45,53.0,A,G,E,53.0,GLY,A,P37001,78.0,G,E,strand,G,E
45,46,46,54.0,A,G,E,54.0,GLY,A,P37001,79.0,G,E,strand,G,E
46,47,47,55.0,A,F,E,55.0,PHE,A,P37001,80.0,F,E,strand,F,E
47,48,48,56.0,A,G,E,56.0,GLY,A,P37001,81.0,G,E,strand,G,E
48,49,49,57.0,A,L,E,57.0,LEU,A,P37001,82.0,L,E,strand,L,E
49,50,50,58.0,A,S,E,58.0,SER,A,P37001,83.0,S,E,strand,S,E
50,51,51,59.0,A,R,E,59.0,ARG,A,P37001,84.0,R,E,strand,R,E
51,52,52,60.0,A,W,E,60.0,TRP,A,P37001,85.0,W,E,strand,W,E
52,53,53,61.0,A,D,C,61.0,ASP,A,P37001,86.0,D,T,loop,D,C
53,54,54,62.0,A,E,C,62.0,GLU,A,P37001,87.0,E,T,loop,E,C
54,55,55,63.0,A,K,C,63.0,LYS,A,P37001,88.0,K,T,loop,K,C
55,56,56,64.0,A,G,C,64.0,GLY,A,P37001,89.0,G,T,loop,G,C
56,57,57,65.0,A,N,C,65.0,ASN,A,P37001,90.0,N,T,loop,N,C
57,58,58,66.0,A,W,E,66.0,TRP,A,P37001,91.0,W,E,strand,W,E
58,59,59,67.0,A,H,E,67.0,HIS,A,P37001,92.0,H,E,strand,H,E
59,60,60,68.0,A,G,E,68.0,GLY,A,P37001,93.0,G,E,strand,G,E
60,61,61,69.0,A,L,E,69.0,LEU,A,P37001,94.0,L,E,strand,L,E
61,62,62,70.0,A,Y,E,70.0,TYR,A,P37001,95.0,Y,E,strand,Y,E
62,63,63,71.0,A,A,E,71.0,ALA,A,P37001,96.0,A,E,strand,A,E
63,64,64,72.0,A,M,E,72.0,MET,A,P37001,97.0,M,E,strand,M,E
64,65,65,73.0,A,A,E,73.0,ALA,A,P37001,98.0,A,E,strand,A,E
65,66,66,74.0,A,F,E,74.0,PHE,A,P37001,99.0,F,E,strand,F,E
66,67,67,75.0,A,K,E,75.0,LYS,A,P37001,100.0,K,E,strand,K,E
67,68,68,76.0,A,D,C,76.0,ASP,A,P37001,101.0,D,T,loop,D,C
68,69,69,77.0,A,S,C,77.0,SER,A,P37001,102.0,S,T,loop,S,C
69,70,70,78.0,A,W,C,78.0,TRP,A,P37001,103.0,W,T,loop,W,C
70,71,71,79.0,A,N,C,79.0,ASN,A,P37001,104.0,N,T,loop,N,C
71,72,72,80.0,A,K,C,80.0,LYS,A,P37001,105.0,K,T,loop,K,C
72,73,73,81.0,A,W,E,81.0,TRP,A,P37001,106.0,W,E,strand,W,E
73,74,74,82.0,A,E,E,82.0,GLU,A,P37001,107.0,E,E,strand,E,E
74,75,75,83.0,A,P,E,83.0,PRO,A,P37001,108.0,P,E,strand,P,E
75,76,76,84.0,A,I,E,84.0,ILE,A,P37001,109.0,I,E,strand,I,E
76,77,77,85.0,A,A,E,85.0,ALA,A,P37001,110.0,A,E,strand,A,E
77,78,78,86.0,A,G,E,86.0,GLY,A,P37001,111.0,G,E,strand,G,E
78,79,79,87.0,A,Y,E,87.0,TYR,A,P37001,112.0,Y,E,strand,Y,E
79,80,80,88.0,A,G,E,88.0,GLY,A,P37001,113.0,G,E,strand,G,E
80,81,81,89.0,A,W,E,89.0,TRP,A,P37001,114.0,W,E,strand,W,E
81,82,82,90.0,A,E,E,90.0,GLU,A,P37001,115.0,E,E,strand,E,E
82,83,83,91.0,A,S,E,91.0,SER,A,P37001,116.0,S,E,strand,S,E
83,84,84,92.0,A,T,E,92.0,THR,A,P37001,117.0,T,E,strand,T,E
84,85,85,93.0,A,W,E,93.0,TRP,A,P37001,118.0,W,E,strand,W,E
85,86,86,94.0,A,R,C,94.0,ARG,A,P37001,119.0,R,T,loop,R,C
86,87,87,95.0,A,P,C,95.0,PRO,A,P37001,120.0,P,T,loop,P,C
87,88,88,96.0,A,L,C,96.0,LEU,A,P37001,121.0,L,T,loop,L,C
88,89,89,97.0,A,A,C,97.0,ALA,A,P37001,122.0,A,T,loop,A,C
89,90,90,98.0,A,D,C,98.0,ASP,A,P37001,123.0,D,T,loop,D,C
90,91,91,99.0,A,E,C,99.0,GLU,A,P37001,124.0,E,T,loop,E,C
91,92,92,100.0,A,N,C,100.0,ASN,A,P37001,125.0,N,T,loop,N,C
92,93,93,101.0,A,F,E,101.0,PHE,A,P37001,126.0,F,E,strand,F,E
93,94,94,102.0,A,H,E,102.0,HIS,A,P37001,127.0,H,E,strand,H,E
94,95,95,103.0,A,L,E,103.0,LEU,A,P37001,128.0,L,E,strand,L,E
95,96,96,104.0,A,G,E,104.0,GLY,A,P37001,129.0,G,E,strand,G,E
96,97,97,105.0,A,L,E,105.0,LEU,A,P37001,130.0,L,E,strand,L,E
97,98,98,106.0,A,G,E,106.0,GLY,A,P37001,131.0,G,E,strand,G,E
98,99,99,107.0,A,F,E,107.0,PHE,A,P37001,132.0,F,E,strand,F,E
99,100,100,108.0,A,T,E,108.0,THR,A,P37001,133.0,T,E,strand,T,E
100,101,101,109.0,A,A,E,109.0,ALA,A,P37001,134.0,A,E,strand,A,E
101,102,102,110.0,A,G,E,110.0,GLY,A,P37001,135.0,G,E,strand,G,E
102,103,103,111.0,A,V,E,111.0,VAL,A,P37001,136.0,V,E,strand,V,E
103,104,104,112.0,A,T,E,112.0,THR,A,P37001,137.0,T,E,strand,T,E
104,105,105,113.0,A,A,E,113.0,ALA,A,P37001,138.0,A,E,strand,A,C
105,106,106,114.0,A,R,C,114.0,ARG,A,P37001,139.0,R,T,loop,R,C
106,107,107,115.0,A,D,C,115.0,ASP,A,P37001,140.0,D,H,helix,D,C
107,108,108,116.0,A,N,C,116.0,ASN,A,P37001,141.0,N,H,helix,N,C
108,109,109,117.0,A,W,C,117.0,TRP,A,P37001,142.0,W,H,helix,W,C
109,110,110,118.0,A,N,C,118.0,ASN,A,P37001,143.0,N,H,helix,N,C
110,111,111,119.0,A,Y,C,119.0,TYR,A,P37001,144.0,Y,T,loop,Y,C
111,112,112,120.0,A,I,C,120.0,ILE,A,P37001,145.0,I,T,loop,I,C
112,113,113,121.0,A,P,E,121.0,PRO,A,P37001,146.0,P,E,strand,P,C
113,114,114,122.0,A,L,E,122.0,LEU,A,P37001,147.0,L,E,strand,L,E
114,115,115,123.0,A,P,E,123.0,PRO,A,P37001,148.0,P,E,strand,P,E
115,116,116,124.0,A,V,E,124.0,VAL,A,P37001,149.0,V,E,strand,V,E
116,117,117,125.0,A,L,E,125.0,LEU,A,P37001,150.0,L,E,strand,L,E
117,118,118,126.0,A,L,E,126.0,LEU,A,P37001,151.0,L,E,strand,L,E
118,119,119,127.0,A,P,E,127.0,PRO,A,P37001,152.0,P,E,strand,P,E
119,120,120,128.0,A,L,E,128.0,LEU,A,P37001,153.0,L,E,strand,L,E
120,121,121,129.0,A,A,E,129.0,ALA,A,P37001,154.0,A,E,strand,A,E
121,122,122,130.0,A,S,E,130.0,SER,A,P37001,155.0,S,E,strand,S,E
122,123,123,131.0,A,V,E,131.0,VAL,A,P37001,156.0,V,E,strand,V,E
123,124,124,132.0,A,G,E,132.0,GLY,A,P37001,157.0,G,E,strand,G,E
124,125,125,133.0,A,Y,E,133.0,TYR,A,P37001,158.0,Y,E,strand,Y,E
125,126,126,134.0,A,G,C,134.0,GLY,A,P37001,159.0,G,T,loop,G,C
126,127,127,135.0,A,P,C,135.0,PRO,A,P37001,160.0,P,T,loop,P,C
127,128,128,136.0,A,V,E,136.0,VAL,A,P37001,161.0,V,E,strand,V,E
128,129,129,137.0,A,T,E,137.0,THR,A,P37001,162.0,T,E,strand,T,E
129,130,130,138.0,A,F,E,138.0,PHE,A,P37001,163.0,F,E,strand,F,E
130,131,131,139.0,A,Q,E,139.0,GLN,A,P37001,164.0,Q,E,strand,Q,E
131,132,132,140.0,A,M,E,140.0,MET,A,P37001,165.0,M,E,strand,M,E
132,133,133,141.0,A,T,E,141.0,THR,A,P37001,166.0,T,E,strand,T,E
133,134,134,142.0,A,Y,E,142.0,TYR,A,P37001,167.0,Y,E,strand,Y,E
134,135,135,143.0,A,I,E,143.0,ILE,A,P37001,168.0,I,E,strand,I,E
135,136,136,144.0,A,P,C,144.0,PRO,A,P37001,169.0,P,T,loop,P,C
136,137,137,145.0,A,G,C,145.0,GLY,A,P37001,170.0,G,T,loop,G,C
137,138,138,146.0,A,T,C,146.0,THR,A,P37001,171.0,T,T,loop,T,C
138,139,139,147.0,A,Y,C,147.0,TYR,A,P37001,172.0,Y,T,loop,Y,C
139,140,140,148.0,A,N,C,148.0,ASN,A,P37001,173.0,N,T,loop,N,C
140,141,141,149.0,A,N,C,149.0,ASN,A,P37001,174.0,N,T,loop,N,C
141,142,142,150.0,A,G,C,150.0,GLY,A,P37001,175.0,G,T,loop,G,C
142,143,143,151.0,A,N,C,151.0,ASN,A,P37001,176.0,N,T,loop,N,C
143,144,144,152.0,A,V,E,152.0,VAL,A,P37001,177.0,V,E,strand,V,E
144,145,145,153.0,A,Y,E,153.0,TYR,A,P37001,178.0,Y,E,strand,Y,E
145,146,146,154.0,A,F,E,154.0,PHE,A,P37001,179.0,F,E,strand,F,E
146,147,147,155.0,A,A,E,155.0,ALA,A,P37001,180.0,A,E,strand,A,E
147,148,148,156.0,A,W,E,156.0,TRP,A,P37001,181.0,W,E,strand,W,E
148,149,149,157.0,A,M,E,157.0,MET,A,P37001,182.0,M,E,strand,M,E
149,150,150,158.0,A,R,E,158.0,ARG,A,P37001,183.0,R,E,strand,R,E
150,151,151,159.0,A,F,E,159.0,PHE,A,P37001,184.0,F,E,strand,F,E
151,152,152,160.0,A,Q,E,160.0,GLN,A,P37001,185.0,Q,E,strand,Q,E
152,153,153,161.0,A,F,E,161.0,PHE,A,P37001,186.0,F,E,strand,,
