,Unnamed: 0,Unnamed: 0.1,Unnamed: 0.1.1,RES,CHAIN,AA,SS_CLASS,PDB_dbResNum,PDB_dbResName,PDB_dbChainId,UniProt_dbAccessionId,UniProt_dbResNum,UniProt_dbResName,shifted Uni,AF_predictions,Jpred_seq,Jpred_SS_pred,Confidence
0,0,0,0,2.0,A,E,C,2.0,GLU,A,P11439,27.0,E,E,E,E,C,9.0
1,1,1,1,3.0,A,E,C,3.0,GLU,A,P11439,28.0,E,E,E,G,C,9.0
2,2,2,2,4.0,A,A,C,4.0,ALA,A,P11439,29.0,A,A,E,G,C,8.0
3,3,3,3,5.0,A,F,C,5.0,PHE,A,P11439,30.0,F,F,C,S,H,0.0
4,4,4,4,6.0,A,D,C,6.0,ASP,A,P11439,31.0,D,D,C,L,H,1.0
5,5,5,5,7.0,A,L,H,7.0,LEU,A,P11439,32.0,L,L,H,A,H,5.0
6,6,6,6,8.0,A,W,H,8.0,TRP,A,P11439,33.0,W,W,H,A,H,5.0
7,7,7,7,9.0,A,N,H,9.0,ASN,A,P11439,34.0,N,N,H,L,H,8.0
8,8,8,8,10.0,A,E,H,10.0,GLU,A,P11439,35.0,E,E,H,T,H,8.0
9,9,9,9,11.0,A,a,C,11.0,CYS,A,P11439,36.0,C,C,C,A,H,8.0
10,10,10,10,12.0,A,A,C,12.0,ALA,A,P11439,37.0,A,A,C,H,H,8.0
11,11,11,11,13.0,A,K,C,13.0,LYS,A,P11439,38.0,K,K,C,Q,H,6.0
12,12,12,12,14.0,A,A,E,14.0,ALA,A,P11439,39.0,A,A,E,A,H,6.0
13,13,13,13,15.0,A,a,E,15.0,CYS,A,P11439,40.0,C,C,E,C,H,4.0
14,14,14,14,16.0,A,V,E,16.0,VAL,A,P11439,41.0,V,V,E,H,C,3.0
15,15,15,15,17.0,A,L,E,17.0,LEU,A,P11439,42.0,L,L,E,L,C,5.0
16,16,16,16,18.0,A,D,E,18.0,ASP,A,P11439,43.0,D,D,E,P,C,2.0
17,17,17,17,19.0,A,L,C,19.0,LEU,A,P11439,44.0,L,L,C,L,H,8.0
18,18,18,18,20.0,A,K,C,20.0,LYS,A,P11439,45.0,K,K,C,E,H,9.0
19,19,19,19,21.0,A,D,C,21.0,ASP,A,P11439,46.0,D,D,C,T,H,9.0
20,20,20,20,22.0,A,G,C,22.0,GLY,A,P11439,47.0,G,G,C,F,H,9.0
21,21,21,21,23.0,A,V,C,23.0,VAL,A,P11439,48.0,V,V,E,T,H,8.0
22,22,22,22,24.0,A,R,E,24.0,ARG,A,P11439,49.0,R,R,E,R,H,3.0
23,23,23,23,25.0,A,S,E,25.0,SER,A,P11439,50.0,S,S,E,H,C,0.0
24,24,24,24,26.0,A,S,E,26.0,SER,A,P11439,51.0,S,S,E,R,C,2.0
25,25,25,25,27.0,A,R,E,27.0,ARG,A,P11439,52.0,R,R,E,Q,C,6.0
26,26,26,26,28.0,A,M,E,28.0,MET,A,P11439,53.0,M,M,E,P,C,8.0
27,27,27,27,29.0,A,S,E,29.0,SER,A,P11439,54.0,S,S,E,R,C,8.0
28,28,28,28,30.0,A,V,C,30.0,VAL,A,P11439,55.0,V,V,C,G,C,7.0
29,29,29,29,31.0,A,D,C,31.0,ASP,A,P11439,56.0,D,D,C,A,C,6.0
30,30,30,30,32.0,A,P,H,32.0,PRO,A,P11439,57.0,P,P,H,E,C,3.0
31,31,31,31,33.0,A,A,H,33.0,ALA,A,P11439,58.0,A,A,H,Q,C,1.0
32,32,32,32,34.0,A,I,H,34.0,ILE,A,P11439,59.0,I,I,H,L,C,1.0
33,33,33,33,35.0,A,A,H,35.0,ALA,A,P11439,60.0,A,A,H,E,C,1.0
34,34,34,34,36.0,A,D,C,36.0,ASP,A,P11439,61.0,D,D,C,Q,C,1.0
35,35,35,35,37.0,A,T,C,37.0,THR,A,P11439,62.0,T,T,C,C,C,3.0
36,36,36,36,38.0,A,N,C,38.0,ASN,A,P11439,63.0,N,N,C,G,C,2.0
37,37,37,37,39.0,A,G,C,39.0,GLY,A,P11439,64.0,G,G,C,Y,H,1.0
38,38,38,38,40.0,A,Q,E,40.0,GLN,A,P11439,65.0,Q,Q,E,P,H,3.0
39,39,39,39,41.0,A,G,E,41.0,GLY,A,P11439,66.0,G,G,E,V,H,9.0
40,40,40,40,42.0,A,V,E,42.0,VAL,A,P11439,67.0,V,V,E,Q,H,9.0
41,41,41,41,43.0,A,L,E,43.0,LEU,A,P11439,68.0,L,L,E,R,H,9.0
42,42,42,42,44.0,A,H,E,44.0,HIS,A,P11439,69.0,H,H,E,L,H,9.0
43,43,43,43,45.0,A,Y,E,45.0,TYR,A,P11439,70.0,Y,Y,E,V,H,9.0
44,44,44,44,46.0,A,S,E,46.0,SER,A,P11439,71.0,S,S,E,A,H,9.0
45,45,45,45,47.0,A,M,E,47.0,MET,A,P11439,72.0,M,M,E,L,H,9.0
46,46,46,46,48.0,A,V,E,48.0,VAL,A,P11439,73.0,V,V,E,Y,H,9.0
47,47,47,47,49.0,A,L,E,49.0,LEU,A,P11439,74.0,L,L,E,L,H,8.0
48,48,48,48,50.0,A,E,C,50.0,GLU,A,P11439,75.0,E,E,C,A,H,7.0
49,49,49,49,51.0,A,G,C,51.0,GLY,A,P11439,76.0,G,G,C,A,H,4.0
50,50,50,50,52.0,A,G,C,52.0,GLY,A,P11439,77.0,G,G,C,R,H,2.0
51,51,51,51,53.0,A,N,C,53.0,ASN,A,P11439,78.0,N,N,C,L,C,1.0
52,52,52,52,54.0,A,D,C,54.0,ASP,A,P11439,79.0,D,D,C,S,C,7.0
53,53,53,53,55.0,A,A,C,55.0,ALA,A,P11439,80.0,A,A,C,W,C,3.0
54,54,54,54,56.0,A,L,E,56.0,LEU,A,P11439,81.0,L,L,E,N,C,2.0
55,55,55,55,57.0,A,K,E,57.0,LYS,A,P11439,82.0,K,K,E,Q,C,2.0
56,56,56,56,58.0,A,L,E,58.0,LEU,A,P11439,83.0,L,L,E,V,H,8.0
57,57,57,57,59.0,A,A,E,59.0,ALA,A,P11439,84.0,A,A,E,D,H,9.0
58,58,58,58,60.0,A,I,E,60.0,ILE,A,P11439,85.0,I,I,E,Q,H,9.0
59,59,59,59,61.0,A,D,C,61.0,ASP,A,P11439,86.0,D,D,C,V,H,9.0
60,60,60,60,62.0,A,N,C,62.0,ASN,A,P11439,87.0,N,N,C,I,H,9.0
61,61,61,61,63.0,A,A,C,63.0,ALA,A,P11439,88.0,A,A,C,R,H,9.0
62,62,62,62,64.0,A,L,E,64.0,LEU,A,P11439,89.0,L,L,E,N,H,8.0
63,63,63,63,65.0,A,S,E,65.0,SER,A,P11439,90.0,S,S,E,A,H,6.0
64,64,64,64,66.0,A,I,E,66.0,ILE,A,P11439,91.0,I,I,E,L,H,2.0
65,65,65,65,67.0,A,T,E,67.0,THR,A,P11439,92.0,T,T,E,A,C,5.0
66,66,66,66,68.0,A,S,E,68.0,SER,A,P11439,93.0,S,S,E,S,C,8.0
67,67,67,67,69.0,A,D,C,69.0,ASP,A,P11439,94.0,D,D,C,P,C,8.0
68,68,68,68,70.0,A,G,C,70.0,GLY,A,P11439,95.0,G,G,C,G,C,8.0
69,69,69,69,71.0,A,L,C,71.0,LEU,A,P11439,96.0,L,L,C,S,C,7.0
70,70,70,70,72.0,A,T,E,72.0,THR,A,P11439,97.0,T,T,E,G,C,4.0
71,71,71,71,73.0,A,I,E,73.0,ILE,A,P11439,98.0,I,I,E,G,H,4.0
72,72,72,72,74.0,A,R,E,74.0,ARG,A,P11439,99.0,R,R,E,D,H,6.0
73,73,73,73,75.0,A,L,E,75.0,LEU,A,P11439,100.0,L,L,E,L,H,8.0
74,74,74,74,76.0,A,E,E,76.0,GLU,A,P11439,101.0,E,E,E,G,H,9.0
75,75,75,75,77.0,A,G,E,77.0,GLY,A,P11439,102.0,G,G,E,E,H,8.0
76,76,76,76,78.0,A,G,C,78.0,GLY,A,P11439,103.0,G,G,C,A,H,8.0
77,77,77,77,79.0,A,V,C,79.0,VAL,A,P11439,104.0,V,V,C,I,H,7.0
78,78,78,78,80.0,A,E,C,80.0,GLU,A,P11439,105.0,E,E,C,R,H,4.0
79,79,79,79,81.0,A,P,C,81.0,PRO,A,P11439,106.0,P,P,C,E,C,3.0
80,80,80,80,82.0,A,N,C,82.0,ASN,A,P11439,107.0,N,N,C,Q,C,7.0
81,81,81,81,83.0,A,K,C,83.0,LYS,A,P11439,108.0,K,K,C,P,H,0.0
82,82,82,82,84.0,A,P,C,84.0,PRO,A,P11439,109.0,P,P,C,E,H,7.0
83,83,83,83,85.0,A,V,E,85.0,VAL,A,P11439,110.0,V,V,E,Q,H,8.0
84,84,84,84,86.0,A,R,E,86.0,ARG,A,P11439,111.0,R,R,E,A,H,9.0
85,85,85,85,87.0,A,Y,E,87.0,TYR,A,P11439,112.0,Y,Y,E,R,H,9.0
86,86,86,86,88.0,A,S,E,88.0,SER,A,P11439,113.0,S,S,E,L,H,9.0
87,87,87,87,89.0,A,Y,E,89.0,TYR,A,P11439,114.0,Y,Y,E,A,H,9.0
88,88,88,88,90.0,A,T,E,90.0,THR,A,P11439,115.0,T,T,E,L,H,9.0
89,89,89,89,91.0,A,R,C,91.0,ARG,A,P11439,116.0,R,R,C,T,H,9.0
90,90,90,90,92.0,A,Q,C,92.0,GLN,A,P11439,117.0,Q,Q,C,L,H,9.0
91,91,91,91,93.0,A,A,C,93.0,ALA,A,P11439,118.0,A,A,C,A,H,9.0
92,92,92,92,94.0,A,R,C,94.0,ARG,A,P11439,119.0,R,R,C,A,H,9.0
93,93,93,93,95.0,A,G,C,95.0,GLY,A,P11439,120.0,G,G,C,A,H,9.0
94,94,94,94,96.0,A,S,C,96.0,SER,A,P11439,121.0,S,S,C,E,H,9.0
95,95,95,95,97.0,A,W,E,97.0,TRP,A,P11439,122.0,W,W,E,S,H,9.0
96,96,96,96,98.0,A,S,E,98.0,SER,A,P11439,123.0,S,S,E,E,H,9.0
97,97,97,97,99.0,A,L,E,99.0,LEU,A,P11439,124.0,L,L,E,R,H,9.0
98,98,98,98,100.0,A,N,E,100.0,ASN,A,P11439,125.0,N,N,E,F,H,8.0
99,99,99,99,101.0,A,W,E,101.0,TRP,A,P11439,126.0,W,W,E,V,H,4.0
100,100,100,100,102.0,A,L,E,102.0,LEU,A,P11439,127.0,L,L,E,R,H,1.0
101,101,101,101,103.0,A,V,E,103.0,VAL,A,P11439,128.0,V,V,E,Q,C,3.0
102,102,102,102,104.0,A,P,E,104.0,PRO,A,P11439,129.0,P,P,E,G,C,6.0
103,103,103,103,105.0,A,I,E,105.0,ILE,A,P11439,130.0,I,I,E,T,C,8.0
104,104,104,104,106.0,A,G,E,106.0,GLY,A,P11439,131.0,G,G,E,G,C,8.0
105,105,105,105,107.0,A,H,C,107.0,HIS,A,P11439,132.0,H,H,C,N,C,7.0
106,106,106,106,108.0,A,E,C,108.0,GLU,A,P11439,133.0,E,E,C,D,C,5.0
107,107,107,107,109.0,A,K,C,109.0,LYS,A,P11439,134.0,K,K,C,E,H,0.0
108,108,108,108,110.0,A,P,C,110.0,PRO,A,P11439,135.0,P,P,C,A,H,2.0
109,109,109,109,111.0,A,S,C,111.0,SER,A,P11439,136.0,S,S,C,G,C,0.0
110,110,110,110,112.0,A,N,E,112.0,ASN,A,P11439,137.0,N,N,E,A,C,0.0
111,111,111,111,113.0,A,I,E,113.0,ILE,A,P11439,138.0,I,I,E,A,C,2.0
112,112,112,112,114.0,A,K,E,114.0,LYS,A,P11439,139.0,K,K,E,N,C,0.0
113,113,113,113,115.0,A,V,E,115.0,VAL,A,P11439,140.0,V,V,E,A,C,1.0
114,114,114,114,116.0,A,F,E,116.0,PHE,A,P11439,141.0,F,F,E,D,C,3.0
115,115,115,115,117.0,A,I,E,117.0,ILE,A,P11439,142.0,I,I,E,V,E,0.0
116,116,116,116,118.0,A,H,E,118.0,HIS,A,P11439,143.0,H,H,E,V,E,4.0
117,117,117,117,119.0,A,E,E,119.0,GLU,A,P11439,144.0,E,E,E,S,E,6.0
118,118,118,118,120.0,A,L,E,120.0,LEU,A,P11439,145.0,L,L,E,L,E,7.0
119,119,119,119,121.0,A,N,C,121.0,ASN,A,P11439,146.0,N,N,C,T,E,2.0
120,120,120,120,122.0,A,A,C,122.0,ALA,A,P11439,147.0,A,A,C,C,C,3.0
121,121,121,121,123.0,A,G,C,123.0,GLY,A,P11439,148.0,G,G,C,P,C,6.0
122,122,122,122,124.0,A,N,C,124.0,ASN,A,P11439,149.0,N,N,C,V,C,7.0
123,123,123,123,125.0,A,Q,C,125.0,GLN,A,P11439,150.0,Q,Q,C,A,C,7.0
124,124,124,124,126.0,A,L,E,126.0,LEU,A,P11439,151.0,L,L,E,A,C,7.0
125,125,125,125,127.0,A,S,E,127.0,SER,A,P11439,152.0,S,S,E,G,C,6.0
126,126,126,126,128.0,A,H,E,128.0,HIS,A,P11439,153.0,H,H,E,E,C,5.0
127,127,127,127,129.0,A,M,E,129.0,MET,A,P11439,154.0,M,M,E,C,C,4.0
128,128,128,128,130.0,A,S,C,130.0,SER,A,P11439,155.0,S,S,C,A,C,6.0
129,129,129,129,131.0,A,P,C,131.0,PRO,A,P11439,156.0,P,P,C,G,C,7.0
130,130,130,130,132.0,A,I,E,132.0,ILE,A,P11439,157.0,I,I,E,P,C,7.0
131,131,131,131,133.0,A,Y,E,133.0,TYR,A,P11439,158.0,Y,Y,E,A,C,7.0
132,132,132,132,134.0,A,T,E,134.0,THR,A,P11439,159.0,T,T,E,D,C,7.0
133,133,133,133,135.0,A,I,E,135.0,ILE,A,P11439,160.0,I,I,E,S,C,7.0
134,134,134,134,136.0,A,E,E,136.0,GLU,A,P11439,161.0,E,E,E,G,C,5.0
135,135,135,135,137.0,A,M,C,137.0,MET,A,P11439,162.0,M,M,C,D,C,4.0
136,136,136,136,138.0,A,G,C,138.0,GLY,A,P11439,163.0,G,G,H,A,H,0.0
137,137,137,137,139.0,A,D,H,139.0,ASP,A,P11439,164.0,D,D,H,L,H,1.0
138,138,138,138,140.0,A,E,H,140.0,GLU,A,P11439,165.0,E,E,H,L,H,1.0
139,139,139,139,141.0,A,L,H,141.0,LEU,A,P11439,166.0,L,L,H,E,C,1.0
140,140,140,140,142.0,A,L,H,142.0,LEU,A,P11439,167.0,L,L,H,R,C,6.0
141,141,141,141,143.0,A,A,H,143.0,ALA,A,P11439,168.0,A,A,H,N,C,9.0
142,142,142,142,144.0,A,K,H,144.0,LYS,A,P11439,169.0,K,K,H,Y,C,9.0
143,143,143,143,145.0,A,L,H,145.0,LEU,A,P11439,170.0,L,L,H,,,
144,144,144,144,146.0,A,A,C,146.0,ALA,A,P11439,171.0,A,A,C,,,
145,145,145,145,147.0,A,R,C,147.0,ARG,A,P11439,172.0,R,R,C,,,
146,146,146,146,148.0,A,D,E,148.0,ASP,A,P11439,173.0,D,D,E,,,
147,147,147,147,149.0,A,A,E,149.0,ALA,A,P11439,174.0,A,A,E,,,
148,148,148,148,150.0,A,T,E,150.0,THR,A,P11439,175.0,T,T,E,,,
149,149,149,149,151.0,A,F,E,151.0,PHE,A,P11439,176.0,F,F,E,,,
150,150,150,150,152.0,A,F,E,152.0,PHE,A,P11439,177.0,F,F,E,,,
151,151,151,151,153.0,A,V,E,153.0,VAL,A,P11439,178.0,V,V,E,,,
152,152,152,152,154.0,A,R,E,154.0,ARG,A,P11439,179.0,R,R,E,,,
153,153,153,153,155.0,A,A,E,155.0,ALA,A,P11439,180.0,A,A,E,,,
154,154,154,154,156.0,A,H,C,156.0,HIS,A,P11439,181.0,H,H,C,,,
155,155,155,155,157.0,A,E,C,157.0,GLU,A,P11439,182.0,E,E,C,,,
156,156,156,156,158.0,A,S,C,158.0,SER,A,P11439,183.0,S,S,C,,,
157,157,157,157,159.0,A,N,C,159.0,ASN,A,P11439,184.0,N,N,C,,,
158,158,158,158,160.0,A,E,C,160.0,GLU,A,P11439,185.0,E,E,C,,,
159,159,159,159,161.0,A,M,C,161.0,MET,A,P11439,186.0,M,M,C,,,
160,160,160,160,162.0,A,Q,C,162.0,GLN,A,P11439,187.0,Q,Q,C,,,
161,161,161,161,163.0,A,P,C,163.0,PRO,A,P11439,188.0,P,P,C,,,
162,162,162,162,164.0,A,T,E,164.0,THR,A,P11439,189.0,T,T,E,,,
163,163,163,163,165.0,A,L,E,165.0,LEU,A,P11439,190.0,L,L,E,,,
164,164,164,164,166.0,A,A,E,166.0,ALA,A,P11439,191.0,A,A,E,,,
165,165,165,165,167.0,A,I,E,167.0,ILE,A,P11439,192.0,I,I,E,,,
166,166,166,166,168.0,A,S,E,168.0,SER,A,P11439,193.0,S,S,E,,,
167,167,167,167,169.0,A,H,E,169.0,HIS,A,P11439,194.0,H,H,E,,,
168,168,168,168,170.0,A,A,E,170.0,ALA,A,P11439,195.0,A,A,E,,,
169,169,169,169,171.0,A,G,E,171.0,GLY,A,P11439,196.0,G,G,E,,,
170,170,170,170,172.0,A,V,E,172.0,VAL,A,P11439,197.0,V,V,E,,,
171,171,171,171,173.0,A,S,E,173.0,SER,A,P11439,198.0,S,S,E,,,
172,172,172,172,174.0,A,V,E,174.0,VAL,A,P11439,199.0,V,V,E,,,
173,173,173,173,175.0,A,V,E,175.0,VAL,A,P11439,200.0,V,V,E,,,
174,174,174,174,176.0,A,M,E,176.0,MET,A,P11439,201.0,M,M,E,,,
175,175,175,175,177.0,A,A,C,177.0,ALA,A,P11439,202.0,A,A,C,,,
176,176,176,176,178.0,A,Q,C,178.0,GLN,A,P11439,203.0,Q,Q,C,,,
177,177,177,177,185.0,A,K,C,185.0,LYS,A,P11439,210.0,K,K,C,,,
178,178,178,178,186.0,A,R,C,186.0,ARG,A,P11439,211.0,R,R,C,,,
179,179,179,179,187.0,A,W,C,187.0,TRP,A,P11439,212.0,W,W,C,,,
180,180,180,180,188.0,A,S,H,188.0,SER,A,P11439,213.0,S,S,C,,,
181,181,181,181,189.0,A,E,H,189.0,GLU,A,P11439,214.0,E,E,C,,,
182,182,182,182,190.0,A,W,H,190.0,TRP,A,P11439,215.0,W,W,C,,,
183,183,183,183,191.0,A,A,H,191.0,ALA,A,P11439,216.0,A,A,C,,,
184,184,184,184,192.0,A,S,C,192.0,SER,A,P11439,217.0,S,S,C,,,
185,185,185,185,193.0,A,G,C,193.0,GLY,A,P11439,218.0,G,G,C,,,
186,186,186,186,194.0,A,K,C,194.0,LYS,A,P11439,219.0,K,K,C,,,
187,187,187,187,195.0,A,V,C,195.0,VAL,A,P11439,220.0,V,V,C,,,
188,188,188,188,196.0,A,L,C,196.0,LEU,A,P11439,221.0,L,L,C,,,
189,189,189,189,197.0,A,b,C,197.0,CYS,A,P11439,222.0,C,C,C,,,
190,190,190,190,198.0,A,L,C,198.0,LEU,A,P11439,223.0,L,L,C,,,
191,191,191,191,199.0,A,L,C,199.0,LEU,A,P11439,224.0,L,L,C,,,
192,192,192,192,200.0,A,D,C,200.0,ASP,A,P11439,225.0,D,D,C,,,
193,193,193,193,201.0,A,Q,C,201.0,GLN,A,P11439,226.0,P,P,C,,,
194,194,194,194,202.0,A,L,C,202.0,LEU,A,P11439,227.0,L,L,C,,,
195,195,195,195,203.0,A,D,C,203.0,ASP,A,P11439,228.0,D,D,H,,,
196,196,196,196,204.0,A,G,C,204.0,GLY,A,P11439,229.0,G,G,H,,,
197,197,197,197,205.0,A,V,H,205.0,VAL,A,P11439,230.0,V,V,H,,,
198,198,198,198,206.0,A,Y,H,206.0,TYR,A,P11439,231.0,Y,Y,H,,,
199,199,199,199,207.0,A,N,H,207.0,ASN,A,P11439,232.0,N,N,H,,,
200,200,200,200,208.0,A,Y,H,208.0,TYR,A,P11439,233.0,Y,Y,H,,,
201,201,201,201,209.0,A,L,H,209.0,LEU,A,P11439,234.0,L,L,H,,,
202,202,202,202,210.0,A,A,H,210.0,ALA,A,P11439,235.0,A,A,H,,,
203,203,203,203,211.0,A,Q,C,211.0,GLN,A,P11439,236.0,Q,Q,C,,,
204,204,204,204,212.0,A,Q,C,212.0,GLN,A,P11439,237.0,Q,Q,C,,,
205,205,205,205,213.0,A,R,C,213.0,ARG,A,P11439,238.0,R,R,C,,,
206,206,206,206,214.0,A,b,C,214.0,CYS,A,P11439,239.0,C,C,C,,,
207,207,207,207,215.0,A,N,C,215.0,ASN,A,P11439,240.0,N,N,C,,,
208,208,208,208,216.0,A,L,C,216.0,LEU,A,P11439,241.0,L,L,C,,,
209,209,209,209,217.0,A,D,C,217.0,ASP,A,P11439,242.0,D,D,C,,,
210,210,210,210,218.0,A,D,H,218.0,ASP,A,P11439,243.0,D,D,H,,,
211,211,211,211,219.0,A,T,H,219.0,THR,A,P11439,244.0,T,T,H,,,
212,212,212,212,220.0,A,W,H,220.0,TRP,A,P11439,245.0,W,W,H,,,
213,213,213,213,221.0,A,E,H,221.0,GLU,A,P11439,246.0,E,E,H,,,
214,214,214,214,222.0,A,G,C,222.0,GLY,A,P11439,247.0,G,G,C,,,
215,215,215,215,223.0,A,K,C,223.0,LYS,A,P11439,248.0,K,K,C,,,
216,216,216,216,224.0,A,I,E,224.0,ILE,A,P11439,249.0,I,I,E,,,
217,217,217,217,225.0,A,Y,E,225.0,TYR,A,P11439,250.0,Y,Y,E,,,
218,218,218,218,226.0,A,R,E,226.0,ARG,A,P11439,251.0,R,R,E,,,
219,219,219,219,227.0,A,V,E,227.0,VAL,A,P11439,252.0,V,V,E,,,
220,220,220,220,228.0,A,L,E,228.0,LEU,A,P11439,253.0,L,L,E,,,
221,221,221,221,229.0,A,A,E,229.0,ALA,A,P11439,254.0,A,A,E,,,
222,222,222,222,230.0,A,G,E,230.0,GLY,A,P11439,255.0,G,G,E,,,
223,223,223,223,231.0,A,N,C,231.0,ASN,A,P11439,256.0,N,N,C,,,
224,224,224,224,232.0,A,P,C,232.0,PRO,A,P11439,257.0,P,P,C,,,
225,225,225,225,233.0,A,A,C,233.0,ALA,A,P11439,258.0,A,A,C,,,
226,226,226,226,234.0,A,K,C,234.0,LYS,A,P11439,259.0,K,K,C,,,
227,227,227,227,235.0,A,H,C,235.0,HIS,A,P11439,260.0,H,H,C,,,
228,228,228,228,236.0,A,D,C,236.0,ASP,A,P11439,261.0,D,D,C,,,
229,229,229,229,237.0,A,L,C,237.0,LEU,A,P11439,262.0,L,L,C,,,
230,230,230,230,238.0,A,D,C,238.0,ASP,A,P11439,263.0,D,D,C,,,
231,231,231,231,239.0,A,I,C,239.0,ILE,A,P11439,264.0,I,I,C,,,
232,232,232,232,240.0,A,K,C,240.0,LYS,A,P11439,265.0,K,K,C,,,
233,233,233,233,241.0,A,P,C,241.0,PRO,A,P11439,266.0,P,P,C,,,
234,234,234,234,242.0,A,T,C,242.0,THR,A,P11439,267.0,T,T,C,,,
235,235,235,235,243.0,A,V,C,243.0,VAL,A,P11439,268.0,V,V,C,,,
236,236,236,236,244.0,A,I,C,244.0,ILE,A,P11439,269.0,I,I,E,,,
237,237,237,237,245.0,A,S,E,245.0,SER,A,P11439,270.0,S,S,E,,,
238,238,238,238,246.0,A,H,E,246.0,HIS,A,P11439,271.0,H,H,E,,,
239,239,239,239,247.0,A,R,E,247.0,ARG,A,P11439,272.0,R,R,E,,,
240,240,240,240,248.0,A,L,E,248.0,LEU,A,P11439,273.0,L,L,E,,,
241,241,241,241,249.0,A,H,C,249.0,HIS,A,P11439,274.0,H,H,C,,,
242,242,242,242,250.0,A,F,C,250.0,PHE,A,P11439,275.0,F,F,C,,,
243,243,243,243,251.0,A,P,C,251.0,PRO,A,P11439,276.0,P,P,C,,,
244,244,244,244,252.0,A,E,C,252.0,GLU,A,P11439,277.0,E,E,C,,,
245,245,245,245,253.0,A,G,C,253.0,GLY,A,P11439,278.0,G,G,C,,,
246,246,246,246,254.0,A,G,C,254.0,GLY,A,P11439,279.0,G,G,C,,,
247,247,247,247,255.0,A,S,H,255.0,SER,A,P11439,280.0,S,S,H,,,
248,248,248,248,256.0,A,L,H,256.0,LEU,A,P11439,281.0,L,L,H,,,
249,249,249,249,257.0,A,A,H,257.0,ALA,A,P11439,282.0,A,A,H,,,
250,250,250,250,258.0,A,A,H,258.0,ALA,A,P11439,283.0,A,A,H,,,
251,251,251,251,259.0,A,L,H,259.0,LEU,A,P11439,284.0,L,L,H,,,
252,252,252,252,260.0,A,T,H,260.0,THR,A,P11439,285.0,T,T,H,,,
253,253,253,253,261.0,A,A,H,261.0,ALA,A,P11439,286.0,A,A,H,,,
254,254,254,254,262.0,A,H,H,262.0,HIS,A,P11439,287.0,H,H,H,,,
255,255,255,255,263.0,A,Q,H,263.0,GLN,A,P11439,288.0,Q,Q,H,,,
256,256,256,256,264.0,A,A,H,264.0,ALA,A,P11439,289.0,A,A,H,,,
257,257,257,257,265.0,A,c,H,265.0,CYS,A,P11439,290.0,C,C,H,,,
258,258,258,258,266.0,A,H,C,266.0,HIS,A,P11439,291.0,H,H,C,,,
259,259,259,259,267.0,A,L,C,267.0,LEU,A,P11439,292.0,L,L,C,,,
260,260,260,260,268.0,A,P,C,268.0,PRO,A,P11439,293.0,P,P,C,,,
261,261,261,261,269.0,A,L,C,269.0,LEU,A,P11439,294.0,L,L,C,,,
262,262,262,262,270.0,A,E,C,270.0,GLU,A,P11439,295.0,E,E,C,,,
263,263,263,263,271.0,A,T,C,271.0,THR,A,P11439,296.0,T,T,C,,,
264,264,264,264,272.0,A,F,C,272.0,PHE,A,P11439,297.0,F,F,C,,,
265,265,265,265,273.0,A,T,C,273.0,THR,A,P11439,298.0,T,T,C,,,
266,266,266,266,274.0,A,R,C,274.0,ARG,A,P11439,299.0,R,R,C,,,
267,267,267,267,275.0,A,H,C,275.0,HIS,A,P11439,300.0,H,H,C,,,
268,268,268,268,276.0,A,R,C,276.0,ARG,A,P11439,301.0,R,R,C,,,
269,269,269,269,277.0,A,Q,C,277.0,GLN,A,P11439,302.0,Q,Q,C,,,
270,270,270,270,278.0,A,P,C,278.0,PRO,A,P11439,303.0,P,P,C,,,
271,271,271,271,279.0,A,R,C,279.0,ARG,A,P11439,304.0,R,R,C,,,
272,272,272,272,280.0,A,G,C,280.0,GLY,A,P11439,305.0,G,G,C,,,
273,273,273,273,281.0,A,A,C,281.0,ALA,A,P11439,306.0,W,W,C,,,
274,274,274,274,282.0,A,E,H,282.0,GLU,A,P11439,307.0,E,E,H,,,
275,275,275,275,283.0,A,Q,H,283.0,GLN,A,P11439,308.0,Q,Q,H,,,
276,276,276,276,284.0,A,L,C,284.0,LEU,A,P11439,309.0,L,L,C,,,
277,277,277,277,285.0,A,E,C,285.0,GLU,A,P11439,310.0,E,E,C,,,
278,278,278,278,286.0,A,Q,C,286.0,GLN,A,P11439,311.0,Q,Q,C,,,
279,279,279,279,287.0,A,c,C,287.0,CYS,A,P11439,312.0,C,C,C,,,
280,280,280,280,288.0,A,G,C,288.0,GLY,A,P11439,313.0,G,G,C,,,
281,281,281,281,289.0,A,Y,H,289.0,TYR,A,P11439,314.0,Y,Y,H,,,
282,282,282,282,290.0,A,P,H,290.0,PRO,A,P11439,315.0,P,P,H,,,
283,283,283,283,291.0,A,V,H,291.0,VAL,A,P11439,316.0,V,V,H,,,
284,284,284,284,292.0,A,Q,H,292.0,GLN,A,P11439,317.0,Q,Q,H,,,
285,285,285,285,293.0,A,R,H,293.0,ARG,A,P11439,318.0,R,R,H,,,
286,286,286,286,294.0,A,L,H,294.0,LEU,A,P11439,319.0,L,L,H,,,
287,287,287,287,295.0,A,V,H,295.0,VAL,A,P11439,320.0,V,V,H,,,
288,288,288,288,296.0,A,A,H,296.0,ALA,A,P11439,321.0,A,A,H,,,
289,289,289,289,297.0,A,L,H,297.0,LEU,A,P11439,322.0,L,L,H,,,
290,290,290,290,298.0,A,Y,H,298.0,TYR,A,P11439,323.0,Y,Y,H,,,
291,291,291,291,299.0,A,L,H,299.0,LEU,A,P11439,324.0,L,L,H,,,
292,292,292,292,300.0,A,A,H,300.0,ALA,A,P11439,325.0,A,A,H,,,
293,293,293,293,301.0,A,A,C,301.0,ALA,A,P11439,326.0,A,A,C,,,
294,294,294,294,302.0,A,R,C,302.0,ARG,A,P11439,327.0,R,R,C,,,
295,295,295,295,303.0,A,L,C,303.0,LEU,A,P11439,328.0,L,L,C,,,
296,296,296,296,304.0,A,S,C,304.0,SER,A,P11439,329.0,S,S,C,,,
297,297,297,297,305.0,A,W,C,305.0,TRP,A,P11439,330.0,W,W,C,,,
298,298,298,298,306.0,A,N,C,306.0,ASN,A,P11439,331.0,N,N,C,,,
299,299,299,299,307.0,A,Q,C,307.0,GLN,A,P11439,332.0,Q,Q,C,,,
300,300,300,300,308.0,A,V,H,308.0,VAL,A,P11439,333.0,V,V,H,,,
301,301,301,301,309.0,A,D,H,309.0,ASP,A,P11439,334.0,D,D,H,,,
302,302,302,302,310.0,A,Q,H,310.0,GLN,A,P11439,335.0,Q,Q,H,,,
303,303,303,303,311.0,A,V,H,311.0,VAL,A,P11439,336.0,V,V,H,,,
304,304,304,304,312.0,A,I,H,312.0,ILE,A,P11439,337.0,I,I,H,,,
305,305,305,305,313.0,A,R,H,313.0,ARG,A,P11439,338.0,R,R,H,,,
306,306,306,306,314.0,A,N,H,314.0,ASN,A,P11439,339.0,N,N,H,,,
307,307,307,307,315.0,A,A,H,315.0,ALA,A,P11439,340.0,A,A,H,,,
308,308,308,308,316.0,A,L,H,316.0,LEU,A,P11439,341.0,L,L,H,,,
309,309,309,309,317.0,A,A,H,317.0,ALA,A,P11439,342.0,A,A,H,,,
310,310,310,310,318.0,A,S,C,318.0,SER,A,P11439,343.0,S,S,C,,,
311,311,311,311,319.0,A,P,C,319.0,PRO,A,P11439,344.0,P,P,C,,,
312,312,312,312,320.0,A,G,C,320.0,GLY,A,P11439,345.0,G,G,C,,,
313,313,313,313,321.0,A,S,C,321.0,SER,A,P11439,346.0,S,S,C,,,
314,314,314,314,322.0,A,G,C,322.0,GLY,A,P11439,347.0,G,G,C,,,
315,315,315,315,323.0,A,G,H,323.0,GLY,A,P11439,348.0,G,G,H,,,
316,316,316,316,324.0,A,D,H,324.0,ASP,A,P11439,349.0,D,D,H,,,
317,317,317,317,325.0,A,L,H,325.0,LEU,A,P11439,350.0,L,L,H,,,
318,318,318,318,326.0,A,G,H,326.0,GLY,A,P11439,351.0,G,G,H,,,
319,319,319,319,327.0,A,E,H,327.0,GLU,A,P11439,352.0,E,E,H,,,
320,320,320,320,328.0,A,A,H,328.0,ALA,A,P11439,353.0,A,A,H,,,
321,321,321,321,329.0,A,I,H,329.0,ILE,A,P11439,354.0,I,I,H,,,
322,322,322,322,330.0,A,R,H,330.0,ARG,A,P11439,355.0,R,R,H,,,
323,323,323,323,331.0,A,E,H,331.0,GLU,A,P11439,356.0,E,E,H,,,
324,324,324,324,332.0,A,Q,C,332.0,GLN,A,P11439,357.0,Q,Q,C,,,
325,325,325,325,333.0,A,P,H,333.0,PRO,A,P11439,358.0,P,P,H,,,
326,326,326,326,334.0,A,E,H,334.0,GLU,A,P11439,359.0,E,E,H,,,
327,327,327,327,335.0,A,Q,H,335.0,GLN,A,P11439,360.0,Q,Q,H,,,
328,328,328,328,336.0,A,A,H,336.0,ALA,A,P11439,361.0,A,A,H,,,
329,329,329,329,337.0,A,R,H,337.0,ARG,A,P11439,362.0,R,R,H,,,
330,330,330,330,338.0,A,L,H,338.0,LEU,A,P11439,363.0,L,L,H,,,
331,331,331,331,339.0,A,A,H,339.0,ALA,A,P11439,364.0,A,A,H,,,
332,332,332,332,340.0,A,L,H,340.0,LEU,A,P11439,365.0,L,L,H,,,
333,333,333,333,341.0,A,T,H,341.0,THR,A,P11439,366.0,T,T,H,,,
334,334,334,334,342.0,A,L,H,342.0,LEU,A,P11439,367.0,L,L,H,,,
335,335,335,335,343.0,A,A,H,343.0,ALA,A,P11439,368.0,A,A,H,,,
336,336,336,336,344.0,A,A,H,344.0,ALA,A,P11439,369.0,A,A,H,,,
337,337,337,337,345.0,A,A,H,345.0,ALA,A,P11439,370.0,A,A,H,,,
338,338,338,338,346.0,A,E,H,346.0,GLU,A,P11439,371.0,E,E,H,,,
339,339,339,339,347.0,A,S,H,347.0,SER,A,P11439,372.0,S,S,H,,,
340,340,340,340,348.0,A,E,H,348.0,GLU,A,P11439,373.0,E,E,H,,,
341,341,341,341,349.0,A,R,H,349.0,ARG,A,P11439,374.0,R,R,H,,,
342,342,342,342,350.0,A,F,H,350.0,PHE,A,P11439,375.0,F,F,H,,,
343,343,343,343,351.0,A,V,H,351.0,VAL,A,P11439,376.0,V,V,H,,,
344,344,344,344,352.0,A,R,C,352.0,ARG,A,P11439,377.0,R,R,H,,,
345,345,345,345,353.0,A,Q,C,353.0,GLN,A,P11439,378.0,Q,Q,H,,,
346,346,346,346,354.0,A,G,C,354.0,GLY,A,P11439,379.0,G,G,C,,,
347,347,347,347,355.0,A,T,C,355.0,THR,A,P11439,380.0,T,T,C,,,
348,348,348,348,356.0,A,G,C,356.0,GLY,A,P11439,381.0,G,G,C,,,
349,349,349,349,357.0,A,N,C,357.0,ASN,A,P11439,382.0,N,N,C,,,
350,350,350,350,358.0,A,D,C,358.0,ASP,A,P11439,383.0,D,D,C,,,
351,351,351,351,359.0,A,E,H,359.0,GLU,A,P11439,384.0,E,E,H,,,
352,352,352,352,360.0,A,A,H,360.0,ALA,A,P11439,385.0,A,A,H,,,
353,353,353,353,361.0,A,G,H,361.0,GLY,A,P11439,386.0,G,G,H,,,
354,354,354,354,362.0,A,A,H,362.0,ALA,A,P11439,387.0,A,A,H,,,
355,355,355,355,363.0,A,A,C,363.0,ALA,A,P11439,388.0,A,A,C,,,
356,356,356,356,364.0,A,N,C,364.0,ASN,A,P11439,389.0,S,S,C,,,
357,357,357,357,365.0,A,A,C,365.0,ALA,A,P11439,390.0,A,A,C,,,
358,358,358,358,366.0,A,D,C,366.0,ASP,A,P11439,391.0,D,D,C,,,
359,359,359,359,367.0,A,V,E,367.0,VAL,A,P11439,392.0,V,V,E,,,
360,360,360,360,368.0,A,V,E,368.0,VAL,A,P11439,393.0,V,V,E,,,
361,361,361,361,369.0,A,S,E,369.0,SER,A,P11439,394.0,S,S,E,,,
362,362,362,362,370.0,A,L,E,370.0,LEU,A,P11439,395.0,L,L,E,,,
363,363,363,363,371.0,A,T,E,371.0,THR,A,P11439,396.0,T,T,E,,,
364,364,364,364,372.0,A,d,C,372.0,CYS,A,P11439,397.0,C,C,C,,,
365,365,365,365,373.0,A,P,C,373.0,PRO,A,P11439,398.0,P,P,C,,,
366,366,366,366,374.0,A,V,C,374.0,VAL,A,P11439,399.0,V,V,C,,,
367,367,367,367,375.0,A,A,C,375.0,ALA,A,P11439,400.0,A,A,C,,,
368,368,368,368,376.0,A,A,C,376.0,ALA,A,P11439,401.0,A,A,C,,,
369,369,369,369,377.0,A,G,C,377.0,GLY,A,P11439,402.0,G,G,C,,,
370,370,370,370,378.0,A,E,C,378.0,GLU,A,P11439,403.0,E,E,C,,,
371,371,371,371,379.0,A,d,C,379.0,CYS,A,P11439,404.0,C,C,C,,,
372,372,372,372,380.0,A,A,C,380.0,ALA,A,P11439,405.0,A,A,C,,,
373,373,373,373,381.0,A,G,C,381.0,GLY,A,P11439,406.0,G,G,C,,,
374,374,374,374,382.0,A,P,C,382.0,PRO,A,P11439,407.0,P,P,C,,,
375,375,375,375,383.0,A,A,C,383.0,ALA,A,P11439,408.0,A,A,C,,,
376,376,376,376,384.0,A,D,C,384.0,ASP,A,P11439,409.0,D,D,C,,,
377,377,377,377,385.0,A,S,C,385.0,SER,A,P11439,410.0,S,S,C,,,
378,378,378,378,386.0,A,G,C,386.0,GLY,A,P11439,411.0,G,G,C,,,
379,379,379,379,387.0,A,D,C,387.0,ASP,A,P11439,412.0,D,D,C,,,
380,380,380,380,388.0,A,A,C,388.0,ALA,A,P11439,413.0,A,A,C,,,
381,381,381,381,389.0,A,L,E,389.0,LEU,A,P11439,414.0,L,L,E,,,
382,382,382,382,390.0,A,L,E,390.0,LEU,A,P11439,415.0,L,L,E,,,
383,383,383,383,391.0,A,E,E,391.0,GLU,A,P11439,416.0,E,E,E,,,
384,384,384,384,392.0,A,R,E,392.0,ARG,A,P11439,417.0,R,R,E,,,
385,385,385,385,393.0,A,N,E,393.0,ASN,A,P11439,418.0,N,N,E,,,
386,386,386,386,394.0,A,Y,C,394.0,TYR,A,P11439,419.0,Y,Y,C,,,
387,387,387,387,395.0,A,P,C,395.0,PRO,A,P11439,420.0,P,P,C,,,
388,388,388,388,396.0,A,T,C,396.0,THR,A,P11439,421.0,T,T,C,,,
389,389,389,389,397.0,A,G,C,397.0,GLY,A,P11439,422.0,G,G,C,,,
390,390,390,390,398.0,A,A,C,398.0,ALA,A,P11439,423.0,A,A,C,,,
391,391,391,391,399.0,A,E,C,399.0,GLU,A,P11439,424.0,E,E,C,,,
392,392,392,392,400.0,A,F,C,400.0,PHE,A,P11439,425.0,F,F,C,,,
393,393,393,393,401.0,A,L,C,401.0,LEU,A,P11439,426.0,L,L,C,,,
394,394,394,394,402.0,A,G,C,402.0,GLY,A,P11439,427.0,G,G,C,,,
395,395,395,395,403.0,A,D,C,403.0,ASP,A,P11439,428.0,D,D,C,,,
396,396,396,396,404.0,A,G,C,404.0,GLY,A,P11439,429.0,G,G,C,,,
397,397,397,397,405.0,A,G,C,405.0,GLY,A,P11439,430.0,G,G,C,,,
398,398,398,398,406.0,A,D,C,406.0,ASP,A,P11439,431.0,D,D,C,,,
399,399,399,399,407.0,A,V,C,407.0,VAL,A,P11439,432.0,I,I,C,,,
400,400,400,400,408.0,A,S,C,408.0,SER,A,P11439,433.0,S,S,C,,,
401,401,401,401,409.0,A,F,C,409.0,PHE,A,P11439,434.0,F,F,C,,,
402,402,402,402,410.0,A,S,C,410.0,SER,A,P11439,435.0,S,S,C,,,
403,403,403,403,411.0,A,T,C,411.0,THR,A,P11439,436.0,T,T,C,,,
404,404,404,404,412.0,A,R,C,412.0,ARG,A,P11439,437.0,R,R,C,,,
405,405,405,405,413.0,A,G,C,413.0,GLY,A,P11439,438.0,G,G,C,,,
406,406,406,406,414.0,A,T,C,414.0,THR,A,P11439,439.0,T,T,C,,,
407,407,407,407,415.0,A,Q,C,415.0,GLN,A,P11439,440.0,Q,Q,C,,,
408,408,408,408,416.0,A,N,C,416.0,ASN,A,P11439,441.0,N,N,C,,,
409,409,409,409,417.0,A,W,C,417.0,TRP,A,P11439,442.0,W,W,C,,,
410,410,410,410,418.0,A,T,C,418.0,THR,A,P11439,443.0,T,T,C,,,
411,411,411,411,419.0,A,V,H,419.0,VAL,A,P11439,444.0,V,V,H,,,
412,412,412,412,420.0,A,E,H,420.0,GLU,A,P11439,445.0,E,E,H,,,
413,413,413,413,421.0,A,R,H,421.0,ARG,A,P11439,446.0,R,R,H,,,
414,414,414,414,422.0,A,L,H,422.0,LEU,A,P11439,447.0,L,L,H,,,
415,415,415,415,423.0,A,L,H,423.0,LEU,A,P11439,448.0,L,L,H,,,
416,416,416,416,424.0,A,Q,H,424.0,GLN,A,P11439,449.0,Q,Q,H,,,
417,417,417,417,425.0,A,A,H,425.0,ALA,A,P11439,450.0,A,A,H,,,
418,418,418,418,426.0,A,H,H,426.0,HIS,A,P11439,451.0,H,H,H,,,
419,419,419,419,427.0,A,R,H,427.0,ARG,A,P11439,452.0,R,R,H,,,
420,420,420,420,428.0,A,Q,H,428.0,GLN,A,P11439,453.0,Q,Q,H,,,
421,421,421,421,429.0,A,L,H,429.0,LEU,A,P11439,454.0,L,L,H,,,
422,422,422,422,430.0,A,E,H,430.0,GLU,A,P11439,455.0,E,E,H,,,
423,423,423,423,431.0,A,E,H,431.0,GLU,A,P11439,456.0,E,E,H,,,
424,424,424,424,432.0,A,R,C,432.0,ARG,A,P11439,457.0,R,R,C,,,
425,425,425,425,433.0,A,G,C,433.0,GLY,A,P11439,458.0,G,G,C,,,
426,426,426,426,434.0,A,Y,E,434.0,TYR,A,P11439,459.0,Y,Y,E,,,
427,427,427,427,435.0,A,V,E,435.0,VAL,A,P11439,460.0,V,V,E,,,
428,428,428,428,436.0,A,F,E,436.0,PHE,A,P11439,461.0,F,F,E,,,
429,429,429,429,437.0,A,V,E,437.0,VAL,A,P11439,462.0,V,V,E,,,
430,430,430,430,438.0,A,G,E,438.0,GLY,A,P11439,463.0,G,G,E,,,
431,431,431,431,439.0,A,Y,E,439.0,TYR,A,P11439,464.0,Y,Y,E,,,
432,432,432,432,440.0,A,H,E,440.0,HIS,A,P11439,465.0,H,H,E,,,
433,433,433,433,441.0,A,G,E,441.0,GLY,A,P11439,466.0,G,G,E,,,
434,434,434,434,442.0,A,T,E,442.0,THR,A,P11439,467.0,T,T,E,,,
435,435,435,435,443.0,A,F,C,443.0,PHE,A,P11439,468.0,F,F,C,,,
436,436,436,436,444.0,A,L,H,444.0,LEU,A,P11439,469.0,L,L,H,,,
437,437,437,437,445.0,A,E,H,445.0,GLU,A,P11439,470.0,E,E,H,,,
438,438,438,438,446.0,A,A,H,446.0,ALA,A,P11439,471.0,A,A,H,,,
439,439,439,439,447.0,A,A,H,447.0,ALA,A,P11439,472.0,A,A,H,,,
440,440,440,440,448.0,A,Q,H,448.0,GLN,A,P11439,473.0,Q,Q,H,,,
441,441,441,441,449.0,A,S,C,449.0,SER,A,P11439,474.0,S,S,C,,,
442,442,442,442,450.0,A,I,C,450.0,ILE,A,P11439,475.0,I,I,C,,,
443,443,443,443,451.0,A,V,C,451.0,VAL,A,P11439,476.0,V,V,C,,,
444,444,444,444,452.0,A,F,C,452.0,PHE,A,P11439,477.0,F,F,C,,,
445,445,445,445,453.0,A,G,C,453.0,GLY,A,P11439,478.0,G,G,C,,,
446,446,446,446,454.0,A,G,C,454.0,GLY,A,P11439,479.0,G,G,C,,,
447,447,447,447,455.0,A,V,C,455.0,VAL,A,P11439,480.0,V,V,C,,,
448,448,448,448,456.0,A,R,C,456.0,ARG,A,P11439,481.0,R,R,C,,,
449,449,449,449,457.0,A,A,C,457.0,ALA,A,P11439,482.0,A,A,C,,,
450,450,450,450,458.0,A,R,C,458.0,ARG,A,P11439,483.0,R,R,C,,,
451,451,451,451,459.0,A,S,C,459.0,SER,A,P11439,484.0,S,S,C,,,
452,452,452,452,460.0,A,Q,C,460.0,GLN,A,P11439,485.0,Q,Q,C,,,
453,453,453,453,461.0,A,D,C,461.0,ASP,A,P11439,486.0,D,D,C,,,
454,454,454,454,462.0,A,L,C,462.0,LEU,A,P11439,487.0,L,L,C,,,
455,455,455,455,463.0,A,D,C,463.0,ASP,A,P11439,488.0,D,D,C,,,
456,456,456,456,464.0,A,A,C,464.0,ALA,A,P11439,489.0,A,A,C,,,
457,457,457,457,465.0,A,I,C,465.0,ILE,A,P11439,490.0,I,I,C,,,
458,458,458,458,466.0,A,W,C,466.0,TRP,A,P11439,491.0,W,W,C,,,
459,459,459,459,467.0,A,R,C,467.0,ARG,A,P11439,492.0,R,R,C,,,
460,460,460,460,468.0,A,G,C,468.0,GLY,A,P11439,493.0,G,G,C,,,
461,461,461,461,469.0,A,F,E,469.0,PHE,A,P11439,494.0,F,F,E,,,
462,462,462,462,470.0,A,Y,E,470.0,TYR,A,P11439,495.0,Y,Y,E,,,
463,463,463,463,471.0,A,I,E,471.0,ILE,A,P11439,496.0,I,I,E,,,
464,464,464,464,472.0,A,A,C,472.0,ALA,A,P11439,497.0,A,A,E,,,
465,465,465,465,473.0,A,G,C,473.0,GLY,A,P11439,498.0,G,G,C,,,
466,466,466,466,474.0,A,D,C,474.0,ASP,A,P11439,499.0,D,D,C,,,
467,467,467,467,475.0,A,P,H,475.0,PRO,A,P11439,500.0,P,P,H,,,
468,468,468,468,476.0,A,A,H,476.0,ALA,A,P11439,501.0,A,A,H,,,
469,469,469,469,477.0,A,L,H,477.0,LEU,A,P11439,502.0,L,L,H,,,
470,470,470,470,478.0,A,A,H,478.0,ALA,A,P11439,503.0,A,A,H,,,
471,471,471,471,479.0,A,Y,H,479.0,TYR,A,P11439,504.0,Y,Y,H,,,
472,472,472,472,480.0,A,G,C,480.0,GLY,A,P11439,505.0,G,G,C,,,
473,473,473,473,481.0,A,Y,C,481.0,TYR,A,P11439,506.0,Y,Y,C,,,
474,474,474,474,482.0,A,A,C,482.0,ALA,A,P11439,507.0,A,A,C,,,
475,475,475,475,483.0,A,Q,C,483.0,GLN,A,P11439,508.0,Q,Q,C,,,
476,476,476,476,484.0,A,D,C,484.0,ASP,A,P11439,509.0,D,D,C,,,
477,477,477,477,485.0,A,Q,C,485.0,GLN,A,P11439,510.0,Q,Q,C,,,
478,478,478,478,486.0,A,E,C,486.0,GLU,A,P11439,511.0,E,E,C,,,
479,479,479,479,487.0,A,P,C,487.0,PRO,A,P11439,512.0,P,P,C,,,
480,480,480,480,488.0,A,D,C,488.0,ASP,A,P11439,513.0,D,D,C,,,
481,481,481,481,489.0,A,A,C,489.0,ALA,A,P11439,514.0,A,A,C,,,
482,482,482,482,490.0,A,R,C,490.0,ARG,A,P11439,515.0,R,R,C,,,
483,483,483,483,491.0,A,G,C,491.0,GLY,A,P11439,516.0,G,G,C,,,
484,484,484,484,492.0,A,R,C,492.0,ARG,A,P11439,517.0,R,R,C,,,
485,485,485,485,493.0,A,I,C,493.0,ILE,A,P11439,518.0,I,I,C,,,
486,486,486,486,494.0,A,R,C,494.0,ARG,A,P11439,519.0,R,R,C,,,
487,487,487,487,495.0,A,N,C,495.0,ASN,A,P11439,520.0,N,N,C,,,
488,488,488,488,496.0,A,G,C,496.0,GLY,A,P11439,521.0,G,G,C,,,
489,489,489,489,497.0,A,A,E,497.0,ALA,A,P11439,522.0,A,A,E,,,
490,490,490,490,498.0,A,L,E,498.0,LEU,A,P11439,523.0,L,L,E,,,
491,491,491,491,499.0,A,L,E,499.0,LEU,A,P11439,524.0,L,L,E,,,
492,492,492,492,500.0,A,R,E,500.0,ARG,A,P11439,525.0,R,R,E,,,
493,493,493,493,501.0,A,V,E,501.0,VAL,A,P11439,526.0,V,V,E,,,
494,494,494,494,502.0,A,Y,E,502.0,TYR,A,P11439,527.0,Y,Y,E,,,
495,495,495,495,503.0,A,V,E,503.0,VAL,A,P11439,528.0,V,V,E,,,
496,496,496,496,504.0,A,P,E,504.0,PRO,A,P11439,529.0,P,P,E,,,
497,497,497,497,505.0,A,R,C,505.0,ARG,A,P11439,530.0,R,R,C,,,
498,498,498,498,506.0,A,S,C,506.0,SER,A,P11439,531.0,S,S,C,,,
499,499,499,499,507.0,A,S,C,507.0,SER,A,P11439,532.0,S,S,C,,,
500,500,500,500,508.0,A,L,C,508.0,LEU,A,P11439,533.0,L,L,C,,,
501,501,501,501,509.0,A,P,C,509.0,PRO,A,P11439,534.0,P,P,C,,,
502,502,502,502,510.0,A,G,C,510.0,GLY,A,P11439,535.0,G,G,C,,,
503,503,503,503,511.0,A,F,E,511.0,PHE,A,P11439,536.0,F,F,E,,,
504,504,504,504,512.0,A,Y,E,512.0,TYR,A,P11439,537.0,Y,Y,E,,,
505,505,505,505,513.0,A,R,E,513.0,ARG,A,P11439,538.0,R,R,E,,,
506,506,506,506,514.0,A,T,C,514.0,THR,A,P11439,539.0,T,T,C,,,
507,507,507,507,515.0,A,S,C,515.0,SER,A,P11439,540.0,G,G,C,,,
508,508,508,508,516.0,A,L,C,516.0,LEU,A,P11439,541.0,L,L,C,,,
509,509,509,509,517.0,A,T,C,517.0,THR,A,P11439,542.0,T,T,C,,,
510,510,510,510,518.0,A,L,C,518.0,LEU,A,P11439,543.0,L,L,C,,,
511,511,511,511,519.0,A,A,C,519.0,ALA,A,P11439,544.0,A,A,C,,,
512,512,512,512,520.0,A,A,C,520.0,ALA,A,P11439,545.0,A,A,C,,,
513,513,513,513,521.0,A,P,C,521.0,PRO,A,P11439,546.0,P,P,C,,,
514,514,514,514,522.0,A,E,C,522.0,GLU,A,P11439,547.0,E,E,C,,,
515,515,515,515,523.0,A,A,H,523.0,ALA,A,P11439,548.0,A,A,H,,,
516,516,516,516,524.0,A,A,H,524.0,ALA,A,P11439,549.0,A,A,H,,,
517,517,517,517,525.0,A,G,H,525.0,GLY,A,P11439,550.0,G,G,H,,,
518,518,518,518,526.0,A,E,H,526.0,GLU,A,P11439,551.0,E,E,H,,,
519,519,519,519,527.0,A,V,H,527.0,VAL,A,P11439,552.0,V,V,H,,,
520,520,520,520,528.0,A,E,H,528.0,GLU,A,P11439,553.0,E,E,H,,,
521,521,521,521,529.0,A,R,H,529.0,ARG,A,P11439,554.0,R,R,H,,,
522,522,522,522,530.0,A,L,H,530.0,LEU,A,P11439,555.0,L,L,H,,,
523,523,523,523,531.0,A,I,H,531.0,ILE,A,P11439,556.0,I,I,H,,,
524,524,524,524,532.0,A,G,C,532.0,GLY,A,P11439,557.0,G,G,C,,,
525,525,525,525,533.0,A,H,C,533.0,HIS,A,P11439,558.0,H,H,C,,,
526,526,526,526,534.0,A,P,C,534.0,PRO,A,P11439,559.0,P,P,C,,,
527,527,527,527,535.0,A,L,C,535.0,LEU,A,P11439,560.0,L,L,C,,,
528,528,528,528,536.0,A,P,C,536.0,PRO,A,P11439,561.0,P,P,C,,,
529,529,529,529,537.0,A,L,C,537.0,LEU,A,P11439,562.0,L,L,C,,,
530,530,530,530,538.0,A,R,C,538.0,ARG,A,P11439,563.0,R,R,C,,,
531,531,531,531,539.0,A,L,C,539.0,LEU,A,P11439,564.0,L,L,C,,,
532,532,532,532,540.0,A,D,C,540.0,ASP,A,P11439,565.0,D,D,C,,,
533,533,533,533,541.0,A,A,E,541.0,ALA,A,P11439,566.0,A,A,E,,,
534,534,534,534,542.0,A,I,E,542.0,ILE,A,P11439,567.0,I,I,E,,,
535,535,535,535,543.0,A,T,E,543.0,THR,A,P11439,568.0,T,T,E,,,
536,536,536,536,544.0,A,G,E,544.0,GLY,A,P11439,569.0,G,G,E,,,
537,537,537,537,545.0,A,P,E,545.0,PRO,A,P11439,570.0,P,P,E,,,
538,538,538,538,546.0,A,E,C,546.0,GLU,A,P11439,571.0,E,E,C,,,
539,539,539,539,547.0,A,E,C,547.0,GLU,A,P11439,572.0,E,E,C,,,
540,540,540,540,548.0,A,E,C,548.0,GLU,A,P11439,573.0,E,E,C,,,
541,541,541,541,549.0,A,G,C,549.0,GLY,A,P11439,574.0,G,G,C,,,
542,542,542,542,550.0,A,G,C,550.0,GLY,A,P11439,575.0,G,G,C,,,
543,543,543,543,551.0,A,R,C,551.0,ARG,A,P11439,576.0,R,R,C,,,
544,544,544,544,552.0,A,L,E,552.0,LEU,A,P11439,577.0,L,L,E,,,
545,545,545,545,553.0,A,E,E,553.0,GLU,A,P11439,578.0,E,E,E,,,
546,546,546,546,554.0,A,T,E,554.0,THR,A,P11439,579.0,T,T,E,,,
547,547,547,547,555.0,A,I,E,555.0,ILE,A,P11439,580.0,I,I,E,,,
548,548,548,548,556.0,A,L,E,556.0,LEU,A,P11439,581.0,L,L,E,,,
549,549,549,549,557.0,A,G,C,557.0,GLY,A,P11439,582.0,G,G,C,,,
550,550,550,550,558.0,A,W,H,558.0,TRP,A,P11439,583.0,W,W,H,,,
551,551,551,551,559.0,A,P,H,559.0,PRO,A,P11439,584.0,P,P,H,,,
552,552,552,552,560.0,A,L,H,560.0,LEU,A,P11439,585.0,L,L,H,,,
553,553,553,553,561.0,A,A,H,561.0,ALA,A,P11439,586.0,A,A,H,,,
554,554,554,554,562.0,A,E,H,562.0,GLU,A,P11439,587.0,E,E,C,,,
555,555,555,555,563.0,A,R,C,563.0,ARG,A,P11439,588.0,R,R,C,,,
556,556,556,556,564.0,A,T,C,564.0,THR,A,P11439,589.0,T,T,C,,,
557,557,557,557,565.0,A,V,E,565.0,VAL,A,P11439,590.0,V,V,E,,,
558,558,558,558,566.0,A,V,E,566.0,VAL,A,P11439,591.0,V,V,E,,,
559,559,559,559,567.0,A,I,E,567.0,ILE,A,P11439,592.0,I,I,E,,,
560,560,560,560,568.0,A,P,E,568.0,PRO,A,P11439,593.0,P,P,E,,,
561,561,561,561,569.0,A,S,C,569.0,SER,A,P11439,594.0,S,S,C,,,
562,562,562,562,570.0,A,A,C,570.0,ALA,A,P11439,595.0,A,A,C,,,
563,563,563,563,571.0,A,I,C,571.0,ILE,A,P11439,596.0,I,I,C,,,
564,564,564,564,572.0,A,P,C,572.0,PRO,A,P11439,597.0,P,P,C,,,
565,565,565,565,573.0,A,T,C,573.0,THR,A,P11439,598.0,T,T,C,,,
566,566,566,566,574.0,A,D,C,574.0,ASP,A,P11439,599.0,D,D,C,,,
567,567,567,567,575.0,A,P,C,575.0,PRO,A,P11439,600.0,P,P,C,,,
568,568,568,568,576.0,A,R,C,576.0,ARG,A,P11439,601.0,R,R,C,,,
569,569,569,569,577.0,A,N,C,577.0,ASN,A,P11439,602.0,N,N,C,,,
570,570,570,570,578.0,A,V,C,578.0,VAL,A,P11439,603.0,V,V,C,,,
571,571,571,571,579.0,A,G,C,579.0,GLY,A,P11439,604.0,G,G,C,,,
572,572,572,572,580.0,A,G,C,580.0,GLY,A,P11439,605.0,G,G,C,,,
573,573,573,573,581.0,A,D,C,581.0,ASP,A,P11439,606.0,D,D,C,,,
574,574,574,574,582.0,A,L,C,582.0,LEU,A,P11439,607.0,L,L,C,,,
575,575,575,575,583.0,A,D,C,583.0,ASP,A,P11439,608.0,D,D,C,,,
576,576,576,576,584.0,A,P,C,584.0,PRO,A,P11439,609.0,P,P,C,,,
577,577,577,577,585.0,A,S,C,585.0,SER,A,P11439,610.0,S,S,C,,,
578,578,578,578,586.0,A,S,C,586.0,SER,A,P11439,611.0,S,S,C,,,
579,579,579,579,587.0,A,I,C,587.0,ILE,A,P11439,612.0,I,I,C,,,
580,580,580,580,588.0,A,P,C,588.0,PRO,A,P11439,613.0,P,P,C,,,
581,581,581,581,589.0,A,D,H,589.0,ASP,A,P11439,614.0,D,D,H,,,
582,582,582,582,590.0,A,K,H,590.0,LYS,A,P11439,615.0,K,K,H,,,
583,583,583,583,591.0,A,E,H,591.0,GLU,A,P11439,616.0,E,E,H,,,
584,584,584,584,592.0,A,Q,H,592.0,GLN,A,P11439,617.0,Q,Q,H,,,
585,585,585,585,593.0,A,A,C,593.0,ALA,A,P11439,618.0,A,A,C,,,
586,586,586,586,594.0,A,I,C,594.0,ILE,A,P11439,619.0,I,I,C,,,
587,587,587,587,595.0,A,S,C,595.0,SER,A,P11439,620.0,S,S,C,,,
588,588,588,588,596.0,A,A,C,596.0,ALA,A,P11439,621.0,A,A,C,,,
589,589,589,589,597.0,A,L,C,597.0,LEU,A,P11439,622.0,L,L,C,,,
590,590,590,590,598.0,A,P,C,598.0,PRO,A,P11439,623.0,P,P,C,,,
591,591,591,591,599.0,A,D,C,599.0,ASP,A,P11439,624.0,D,D,C,,,
592,592,592,592,600.0,A,Y,C,600.0,TYR,A,P11439,625.0,Y,Y,C,,,
593,593,593,593,601.0,A,A,C,601.0,ALA,A,P11439,626.0,A,A,C,,,
594,594,594,594,602.0,A,S,C,602.0,SER,A,P11439,627.0,S,S,C,,,
595,595,595,595,603.0,A,Q,C,603.0,GLN,A,P11439,628.0,Q,Q,C,,,
596,596,596,596,604.0,A,P,C,604.0,PRO,A,P11439,629.0,P,P,C,,,
597,597,597,597,605.0,A,G,C,605.0,GLY,A,P11439,630.0,G,G,C,,,
598,598,598,598,606.0,A,K,C,606.0,LYS,A,P11439,631.0,K,K,C,,,
