,Unnamed: 0,Unnamed: 0.1,Unnamed: 0.1.1,RES,CHAIN,AA,SS_CLASS,PDB_dbResNum,PDB_dbResName,PDB_dbChainId,UniProt_dbAccessionId,UniProt_dbResNum,UniProt_dbResName,shifted Uni,AF_predictions,Jpred_seq,Jpred_SS_pred,Confidence
0,0,34,34,31.0,C,S,C,31.0,SER,C,P25502,31.0,S,S,C,S,C,8.0
1,1,35,35,32.0,C,V,C,32.0,VAL,C,P25502,32.0,V,V,C,V,C,3.0
2,2,36,36,33.0,C,A,C,33.0,ALA,C,P25502,33.0,A,A,C,A,C,3.0
3,3,37,37,34.0,C,C,C,34.0,CYS,C,P25502,34.0,C,C,C,C,C,0.0
4,4,38,38,35.0,C,L,H,35.0,LEU,C,P25502,35.0,L,L,H,L,H,8.0
5,5,39,39,36.0,C,S,H,36.0,SER,C,P25502,36.0,S,S,H,S,H,9.0
6,6,40,40,37.0,C,C,H,37.0,CYS,C,P25502,37.0,C,C,H,C,H,8.0
7,7,41,41,38.0,C,R,H,38.0,ARG,C,P25502,38.0,R,R,H,R,H,7.0
8,8,42,42,39.0,C,K,H,39.0,LYS,C,P25502,39.0,K,K,H,K,H,4.0
9,9,43,43,40.0,C,R,H,40.0,ARG,C,P25502,40.0,R,R,C,R,H,2.0
10,10,44,44,41.0,C,H,C,41.0,HIS,C,P25502,41.0,H,H,C,H,C,2.0
11,11,45,45,42.0,C,I,C,42.0,ILE,C,P25502,42.0,I,I,C,I,C,7.0
12,12,46,46,43.0,C,K,C,43.0,LYS,C,P25502,43.0,K,K,C,K,C,8.0
13,13,47,47,44.0,C,C,C,44.0,CYS,C,P25502,44.0,C,C,C,C,C,8.0
14,14,48,48,45.0,C,P,C,45.0,PRO,C,P25502,45.0,P,P,C,P,C,8.0
15,15,49,49,46.0,C,G,C,46.0,GLY,C,P25502,46.0,G,G,C,G,C,7.0
16,16,50,50,47.0,C,G,C,47.0,GLY,C,P25502,47.0,G,G,C,G,C,7.0
17,17,51,51,48.0,C,N,C,48.0,ASN,C,P25502,48.0,N,N,C,N,C,6.0
18,18,52,52,49.0,C,P,C,49.0,PRO,C,P25502,49.0,P,P,C,P,C,2.0
19,19,53,53,50.0,C,C,C,50.0,CYS,C,P25502,50.0,C,C,C,C,C,1.0
20,20,54,54,51.0,C,Q,H,51.0,GLN,C,P25502,51.0,Q,Q,H,Q,H,2.0
21,21,55,55,52.0,C,K,H,52.0,LYS,C,P25502,52.0,K,K,H,K,H,3.0
22,22,56,56,53.0,C,C,H,53.0,CYS,C,P25502,53.0,C,C,H,C,H,2.0
23,23,57,57,54.0,C,V,H,54.0,VAL,C,P25502,54.0,V,V,H,V,H,1.0
24,24,58,58,55.0,C,T,H,55.0,THR,C,P25502,55.0,T,T,H,T,H,1.0
25,25,59,59,56.0,C,S,C,56.0,SER,C,P25502,56.0,S,S,C,S,C,4.0
26,26,60,60,57.0,C,N,C,57.0,ASN,C,P25502,57.0,N,N,C,N,C,7.0
27,27,61,61,58.0,C,A,C,58.0,ALA,C,P25502,58.0,A,A,C,A,C,7.0
28,28,62,62,59.0,C,I,C,59.0,ILE,C,P25502,59.0,I,I,C,I,C,5.0
29,29,63,63,60.0,C,C,C,60.0,CYS,C,P25502,60.0,C,C,C,C,E,0.0
30,30,64,64,61.0,C,E,C,61.0,GLU,C,P25502,61.0,E,E,C,E,E,6.0
31,31,65,65,62.0,C,Y,C,62.0,TYR,C,P25502,62.0,Y,Y,C,Y,E,6.0
32,32,66,66,63.0,C,L,C,63.0,LEU,C,P25502,63.0,L,L,C,L,C,2.0
33,33,67,67,64.0,C,E,C,64.0,GLU,C,P25502,64.0,E,E,C,E,C,6.0
34,34,68,68,65.0,C,P,C,65.0,PRO,C,P25502,65.0,P,P,C,P,C,8.0
35,35,69,69,66.0,C,S,C,66.0,SER,C,P25502,66.0,S,S,C,S,C,9.0
36,36,70,70,67.0,C,K,C,67.0,LYS,C,P25502,67.0,K,K,C,,,
37,37,71,71,68.0,C,K,E,68.0,LYS,C,P25502,68.0,K,K,C,,,
38,38,72,72,69.0,C,I,E,69.0,ILE,C,P25502,69.0,I,I,C,,,
39,39,73,73,70.0,C,V,E,70.0,VAL,C,P25502,70.0,V,V,C,,,
40,40,74,74,71.0,C,V,E,71.0,VAL,C,P25502,71.0,V,V,C,,,
41,41,75,75,72.0,C,S,E,72.0,SER,C,P25502,72.0,S,S,C,,,
42,42,76,76,73.0,C,T,H,73.0,THR,C,P25502,73.0,T,T,H,,,
43,43,77,77,74.0,C,K,H,74.0,LYS,C,P25502,74.0,K,K,H,,,
44,44,78,78,75.0,C,Y,H,75.0,TYR,C,P25502,75.0,Y,Y,H,,,
45,45,79,79,76.0,C,L,H,76.0,LEU,C,P25502,76.0,L,L,H,,,
46,46,80,80,77.0,C,Q,H,77.0,GLN,C,P25502,77.0,Q,Q,H,,,
47,47,81,81,78.0,C,Q,H,78.0,GLN,C,P25502,78.0,Q,Q,H,,,
48,48,82,82,79.0,C,L,H,79.0,LEU,C,P25502,79.0,L,L,H,,,
49,49,83,83,80.0,C,Q,H,80.0,GLN,C,P25502,80.0,Q,Q,H,,,
50,50,84,84,81.0,C,K,H,81.0,LYS,C,P25502,81.0,K,K,H,,,
51,51,85,85,82.0,C,D,H,82.0,ASP,C,P25502,82.0,D,D,H,,,
52,52,86,86,83.0,C,L,H,83.0,LEU,C,P25502,83.0,L,L,H,,,
53,53,87,87,84.0,C,N,H,84.0,ASN,C,P25502,84.0,N,N,H,,,
54,54,88,88,85.0,C,D,H,85.0,ASP,C,P25502,85.0,D,D,H,,,
55,55,89,89,86.0,C,K,H,86.0,LYS,C,P25502,86.0,K,K,H,,,
56,56,90,90,87.0,C,T,H,87.0,THR,C,P25502,87.0,T,T,H,,,
57,57,91,91,88.0,C,E,H,88.0,GLU,C,P25502,88.0,E,E,H,,,
58,58,92,92,89.0,C,E,H,89.0,GLU,C,P25502,89.0,E,E,H,,,
59,59,93,93,90.0,C,N,H,90.0,ASN,C,P25502,90.0,N,N,H,,,
60,60,94,94,91.0,C,N,H,91.0,ASN,C,P25502,91.0,N,N,H,,,
61,61,95,95,92.0,C,R,H,92.0,ARG,C,P25502,92.0,R,R,H,,,
62,62,96,96,93.0,C,L,H,93.0,LEU,C,P25502,93.0,L,L,H,,,
63,63,97,97,94.0,C,K,H,94.0,LYS,C,P25502,94.0,K,K,H,,,
64,64,98,98,95.0,C,A,H,95.0,ALA,C,P25502,95.0,A,A,H,,,
65,65,99,99,96.0,C,L,H,96.0,LEU,C,P25502,96.0,L,L,H,,,
66,66,100,100,97.0,C,L,C,97.0,LEU,C,P25502,97.0,L,L,H,,,
67,67,101,101,98.0,C,L,C,98.0,LEU,C,P25502,98.0,L,L,H,,,
68,68,102,102,99.0,C,E,C,99.0,GLU,C,P25502,99.0,E,E,C,,,
69,69,103,103,100.0,C,R,C,100.0,ARG,C,P25502,100.0,R,R,C,,,
