,Unnamed: 0,Unnamed: 0.1,Unnamed: 0.1.1,RES,CHAIN,AA,SS_CLASS,PDB_dbResNum,PDB_dbResName,PDB_dbChainId,UniProt_dbAccessionId,UniProt_dbResNum,UniProt_dbResName,shifted Uni,AF_predictions,Jpred_seq,Jpred_SS_pred
0,0,0,0,1.0,A,M,C,1.0,MET,A,Q7SIG4,1.0,M,M,C,M,C
1,1,1,1,2.0,A,E,C,2.0,GLU,A,Q7SIG4,2.0,E,E,C,E,C
2,2,2,2,3.0,A,I,C,3.0,ILE,A,Q7SIG4,3.0,I,I,C,I,C
3,3,3,3,4.0,A,P,C,4.0,PRO,A,Q7SIG4,4.0,P,P,C,P,C
4,4,4,4,5.0,A,V,E,5.0,VAL,A,Q7SIG4,5.0,V,V,E,V,C
5,5,5,5,6.0,A,I,E,6.0,ILE,A,Q7SIG4,6.0,I,I,E,I,C
6,6,6,6,7.0,A,E,C,7.0,GLU,A,Q7SIG4,7.0,E,E,C,E,C
7,7,7,7,8.0,A,P,C,8.0,PRO,A,Q7SIG4,8.0,P,P,C,P,C
8,8,8,8,9.0,A,L,C,9.0,LEU,A,Q7SIG4,9.0,L,L,C,L,C
9,9,9,9,10.0,A,F,C,10.0,PHE,A,Q7SIG4,10.0,F,F,C,F,E
10,10,10,10,11.0,A,T,E,11.0,THR,A,Q7SIG4,11.0,T,T,E,T,E
11,11,11,11,12.0,A,K,E,12.0,LYS,A,Q7SIG4,12.0,K,K,E,K,E
12,12,12,12,13.0,A,V,E,13.0,VAL,A,Q7SIG4,13.0,V,V,E,V,E
13,13,13,13,14.0,A,T,E,14.0,THR,A,Q7SIG4,14.0,T,T,E,T,C
14,14,14,14,15.0,A,E,C,15.0,GLU,A,Q7SIG4,15.0,E,E,C,E,C
15,15,15,15,16.0,A,D,C,16.0,ASP,A,Q7SIG4,16.0,D,D,C,D,C
16,16,16,16,17.0,A,I,C,17.0,ILE,A,Q7SIG4,17.0,I,I,C,I,C
17,17,17,17,18.0,A,P,C,18.0,PRO,A,Q7SIG4,18.0,P,P,C,P,C
18,18,18,18,19.0,A,G,C,19.0,GLY,A,Q7SIG4,19.0,G,G,C,G,C
19,19,19,19,20.0,A,A,C,20.0,ALA,A,Q7SIG4,20.0,A,A,C,A,C
20,20,20,20,21.0,A,E,E,21.0,GLU,A,Q7SIG4,21.0,E,E,E,E,E
21,21,21,21,22.0,A,G,E,22.0,GLY,A,Q7SIG4,22.0,G,G,E,G,E
22,22,22,22,23.0,A,P,E,23.0,PRO,A,Q7SIG4,23.0,P,P,E,P,E
23,23,23,23,24.0,A,V,E,24.0,VAL,A,Q7SIG4,24.0,V,V,E,V,E
24,24,24,24,25.0,A,F,E,25.0,PHE,A,Q7SIG4,25.0,F,F,E,F,E
25,25,25,25,26.0,A,D,C,26.0,ASP,A,Q7SIG4,26.0,D,D,C,D,C
26,26,26,26,27.0,A,K,C,27.0,LYS,A,Q7SIG4,27.0,K,K,C,K,C
27,27,27,27,28.0,A,N,C,28.0,ASN,A,Q7SIG4,28.0,N,N,C,N,C
28,28,28,28,29.0,A,G,C,29.0,GLY,A,Q7SIG4,29.0,G,G,C,G,C
29,29,29,29,30.0,A,D,C,30.0,ASP,A,Q7SIG4,30.0,D,D,C,D,C
30,30,30,30,31.0,A,F,E,31.0,PHE,A,Q7SIG4,31.0,F,F,E,F,E
31,31,31,31,32.0,A,Y,E,32.0,TYR,A,Q7SIG4,32.0,Y,Y,E,Y,E
32,32,32,32,33.0,A,I,E,33.0,ILE,A,Q7SIG4,33.0,I,I,E,I,E
33,33,33,33,34.0,A,V,E,34.0,VAL,A,Q7SIG4,34.0,V,V,E,V,E
34,34,34,34,35.0,A,A,E,35.0,ALA,A,Q7SIG4,35.0,A,A,E,A,E
35,35,35,35,36.0,A,P,C,36.0,PRO,A,Q7SIG4,36.0,P,P,C,P,C
36,36,36,36,37.0,A,E,C,37.0,GLU,A,Q7SIG4,37.0,E,E,C,E,C
37,37,37,37,38.0,A,V,C,38.0,VAL,A,Q7SIG4,38.0,V,V,C,V,C
38,38,38,38,39.0,A,E,E,39.0,GLU,A,Q7SIG4,39.0,E,E,E,E,E
39,39,39,39,40.0,A,V,E,40.0,VAL,A,Q7SIG4,40.0,V,V,E,V,E
40,40,40,40,41.0,A,N,C,41.0,ASN,A,Q7SIG4,41.0,N,N,C,N,E
41,41,41,41,42.0,A,G,C,42.0,GLY,A,Q7SIG4,42.0,G,G,C,G,E
42,42,42,42,43.0,A,K,E,43.0,LYS,A,Q7SIG4,43.0,K,K,E,K,C
43,43,43,43,44.0,A,P,E,44.0,PRO,A,Q7SIG4,44.0,P,P,E,P,C
44,44,44,44,45.0,A,A,C,45.0,ALA,A,Q7SIG4,45.0,A,A,C,A,C
45,45,45,45,46.0,A,G,C,46.0,GLY,A,Q7SIG4,46.0,G,G,C,G,C
46,46,46,46,47.0,A,E,E,47.0,GLU,A,Q7SIG4,47.0,E,E,E,E,E
47,47,47,47,48.0,A,I,E,48.0,ILE,A,Q7SIG4,48.0,I,I,E,I,E
48,48,48,48,49.0,A,L,E,49.0,LEU,A,Q7SIG4,49.0,L,L,E,L,E
49,49,49,49,50.0,A,R,E,50.0,ARG,A,Q7SIG4,50.0,R,R,E,R,E
50,50,50,50,51.0,A,I,E,51.0,ILE,A,Q7SIG4,51.0,I,I,E,I,E
51,51,51,51,52.0,A,D,C,52.0,ASP,A,Q7SIG4,52.0,D,D,C,D,E
52,52,52,52,53.0,A,L,C,53.0,LEU,A,Q7SIG4,53.0,L,L,C,L,C
53,53,53,53,54.0,A,K,C,54.0,LYS,A,Q7SIG4,54.0,K,K,C,K,C
54,54,54,54,55.0,A,T,C,55.0,THR,A,Q7SIG4,55.0,T,T,C,T,C
55,55,55,55,56.0,A,G,C,56.0,GLY,A,Q7SIG4,56.0,G,G,C,G,C
56,56,56,56,57.0,A,K,C,57.0,LYS,A,Q7SIG4,57.0,K,K,C,K,E
57,57,57,57,58.0,A,K,E,58.0,LYS,A,Q7SIG4,58.0,K,K,E,K,E
58,58,58,58,59.0,A,T,E,59.0,THR,A,Q7SIG4,59.0,T,T,E,T,E
59,59,59,59,60.0,A,V,E,60.0,VAL,A,Q7SIG4,60.0,V,V,E,V,E
60,60,60,60,61.0,A,I,E,61.0,ILE,A,Q7SIG4,61.0,I,I,E,I,E
61,61,61,61,62.0,A,C,E,62.0,CYS,A,Q7SIG4,62.0,C,C,E,C,E
62,62,62,62,63.0,A,K,C,63.0,LYS,A,Q7SIG4,63.0,K,K,C,K,C
63,63,63,63,64.0,A,P,C,64.0,PRO,A,Q7SIG4,64.0,P,P,C,P,C
64,64,64,64,65.0,A,E,E,65.0,GLU,A,Q7SIG4,65.0,E,E,E,E,C
65,65,65,65,66.0,A,V,E,66.0,VAL,A,Q7SIG4,66.0,V,V,E,V,C
66,66,66,66,67.0,A,N,C,67.0,ASN,A,Q7SIG4,67.0,N,N,C,N,C
67,67,67,67,68.0,A,G,C,68.0,GLY,A,Q7SIG4,68.0,G,G,C,G,C
68,68,68,68,69.0,A,Y,E,69.0,TYR,A,Q7SIG4,69.0,Y,Y,E,Y,C
69,69,69,69,70.0,A,G,E,70.0,GLY,A,Q7SIG4,70.0,G,G,E,G,C
70,70,70,70,71.0,A,G,C,71.0,GLY,A,Q7SIG4,71.0,G,G,C,G,C
71,71,71,71,72.0,A,I,C,72.0,ILE,A,Q7SIG4,72.0,I,I,C,I,C
72,72,72,72,73.0,A,P,E,73.0,PRO,A,Q7SIG4,73.0,P,P,E,P,C
73,73,73,73,74.0,A,A,E,74.0,ALA,A,Q7SIG4,74.0,A,A,E,A,E
74,74,74,74,75.0,A,G,E,75.0,GLY,A,Q7SIG4,75.0,G,G,E,G,E
75,75,75,75,76.0,A,C,E,76.0,CYS,A,Q7SIG4,76.0,C,C,E,C,E
76,76,76,76,77.0,A,Q,E,77.0,GLN,A,Q7SIG4,77.0,Q,Q,E,Q,E
77,77,77,77,78.0,A,C,E,78.0,CYS,A,Q7SIG4,78.0,C,C,E,C,E
78,78,78,78,79.0,A,D,C,79.0,ASP,A,Q7SIG4,79.0,D,D,C,D,C
79,79,79,79,80.0,A,R,C,80.0,ARG,A,Q7SIG4,80.0,R,R,C,R,C
80,80,80,80,81.0,A,D,C,81.0,ASP,A,Q7SIG4,81.0,D,D,C,D,C
81,81,81,81,82.0,A,A,C,82.0,ALA,A,Q7SIG4,82.0,A,A,C,A,C
82,82,82,82,83.0,A,N,C,83.0,ASN,A,Q7SIG4,83.0,N,N,C,N,C
83,83,83,83,84.0,A,Q,E,84.0,GLN,A,Q7SIG4,84.0,Q,Q,E,Q,E
84,84,84,84,85.0,A,L,E,85.0,LEU,A,Q7SIG4,85.0,L,L,E,L,E
85,85,85,85,86.0,A,F,E,86.0,PHE,A,Q7SIG4,86.0,F,F,E,F,E
86,86,86,86,87.0,A,V,E,87.0,VAL,A,Q7SIG4,87.0,V,V,E,V,E
87,87,87,87,88.0,A,A,E,88.0,ALA,A,Q7SIG4,88.0,A,A,E,A,E
88,88,88,88,89.0,A,D,E,89.0,ASP,A,Q7SIG4,89.0,D,D,E,D,E
89,89,89,89,90.0,A,M,C,90.0,MET,A,Q7SIG4,90.0,M,M,C,M,C
90,90,90,90,91.0,A,R,C,91.0,ARG,A,Q7SIG4,91.0,R,R,C,R,C
91,91,91,91,92.0,A,L,C,92.0,LEU,A,Q7SIG4,92.0,L,L,C,L,C
92,92,92,92,93.0,A,G,E,93.0,GLY,A,Q7SIG4,93.0,G,G,E,G,E
93,93,93,93,94.0,A,L,E,94.0,LEU,A,Q7SIG4,94.0,L,L,E,L,E
94,94,94,94,95.0,A,L,E,95.0,LEU,A,Q7SIG4,95.0,L,L,E,L,E
95,95,95,95,96.0,A,V,E,96.0,VAL,A,Q7SIG4,96.0,V,V,E,V,E
96,96,96,96,97.0,A,V,E,97.0,VAL,A,Q7SIG4,97.0,V,V,E,V,E
97,97,97,97,98.0,A,Q,E,98.0,GLN,A,Q7SIG4,98.0,Q,Q,E,Q,C
98,98,98,98,99.0,A,T,C,99.0,THR,A,Q7SIG4,99.0,T,T,C,T,C
99,99,99,99,100.0,A,D,C,100.0,ASP,A,Q7SIG4,100.0,D,D,C,D,C
100,100,100,100,101.0,A,G,C,101.0,GLY,A,Q7SIG4,101.0,G,G,C,G,C
101,101,101,101,102.0,A,T,C,102.0,THR,A,Q7SIG4,102.0,T,T,C,T,C
102,102,102,102,103.0,A,F,E,103.0,PHE,A,Q7SIG4,103.0,F,F,E,F,E
103,103,103,103,104.0,A,E,E,104.0,GLU,A,Q7SIG4,104.0,E,E,E,E,E
104,104,104,104,105.0,A,E,E,105.0,GLU,A,Q7SIG4,105.0,E,E,E,E,E
105,105,105,105,106.0,A,I,C,106.0,ILE,A,Q7SIG4,106.0,I,I,C,I,E
106,106,106,106,107.0,A,A,C,107.0,ALA,A,Q7SIG4,107.0,A,A,C,A,E
107,107,107,107,108.0,A,K,C,108.0,LYS,A,Q7SIG4,108.0,K,K,C,K,E
108,108,108,108,109.0,A,K,C,109.0,LYS,A,Q7SIG4,109.0,K,K,C,K,C
109,109,109,109,110.0,A,D,C,110.0,ASP,A,Q7SIG4,110.0,D,D,C,D,C
110,110,110,110,111.0,A,S,C,111.0,SER,A,Q7SIG4,111.0,S,S,C,S,C
111,111,111,111,112.0,A,E,C,112.0,GLU,A,Q7SIG4,112.0,E,E,C,E,C
112,112,112,112,113.0,A,G,C,113.0,GLY,A,Q7SIG4,113.0,G,G,C,G,C
113,113,113,113,114.0,A,R,C,114.0,ARG,A,Q7SIG4,114.0,R,R,C,R,C
114,114,114,114,115.0,A,R,C,115.0,ARG,A,Q7SIG4,115.0,R,R,C,R,C
115,115,115,115,116.0,A,M,C,116.0,MET,A,Q7SIG4,116.0,M,M,C,M,C
116,116,116,116,117.0,A,Q,C,117.0,GLN,A,Q7SIG4,117.0,Q,Q,C,Q,C
117,117,117,117,118.0,A,G,C,118.0,GLY,A,Q7SIG4,118.0,G,G,C,G,C
118,118,118,118,119.0,A,C,C,119.0,CYS,A,Q7SIG4,119.0,C,C,C,C,C
119,119,119,119,120.0,A,N,C,120.0,ASN,A,Q7SIG4,120.0,N,N,C,N,C
120,120,120,120,121.0,A,D,E,121.0,ASP,A,Q7SIG4,121.0,D,D,C,D,C
121,121,121,121,122.0,A,C,E,122.0,CYS,A,Q7SIG4,122.0,C,C,E,C,C
122,122,122,122,123.0,A,A,E,123.0,ALA,A,Q7SIG4,123.0,A,A,E,A,C
123,123,123,123,124.0,A,F,E,124.0,PHE,A,Q7SIG4,124.0,F,F,E,F,C
124,124,124,124,125.0,A,D,C,125.0,ASP,A,Q7SIG4,125.0,D,D,C,D,C
125,125,125,125,126.0,A,Y,C,126.0,TYR,A,Q7SIG4,126.0,Y,Y,C,Y,C
126,126,126,126,127.0,A,E,C,127.0,GLU,A,Q7SIG4,127.0,E,E,C,E,C
127,127,127,127,128.0,A,G,C,128.0,GLY,A,Q7SIG4,128.0,G,G,C,G,C
128,128,128,128,129.0,A,N,C,129.0,ASN,A,Q7SIG4,129.0,N,N,C,N,C
129,129,129,129,130.0,A,L,E,130.0,LEU,A,Q7SIG4,130.0,L,L,E,L,E
130,130,130,130,131.0,A,W,E,131.0,TRP,A,Q7SIG4,131.0,W,W,E,W,E
131,131,131,131,132.0,A,I,E,132.0,ILE,A,Q7SIG4,132.0,I,I,E,I,E
132,132,132,132,133.0,A,T,E,133.0,THR,A,Q7SIG4,133.0,T,T,E,T,E
133,133,133,133,134.0,A,A,E,134.0,ALA,A,Q7SIG4,134.0,A,A,E,A,C
134,134,134,134,135.0,A,P,C,135.0,PRO,A,Q7SIG4,135.0,P,P,C,P,C
135,135,135,135,136.0,A,A,C,136.0,ALA,A,Q7SIG4,136.0,A,A,C,A,C
136,136,136,136,137.0,A,G,C,137.0,GLY,A,Q7SIG4,137.0,G,G,C,G,C
137,137,137,137,138.0,A,E,C,138.0,GLU,A,Q7SIG4,138.0,E,E,C,E,C
138,138,138,138,139.0,A,V,C,139.0,VAL,A,Q7SIG4,139.0,V,V,C,V,C
139,139,139,139,140.0,A,A,C,140.0,ALA,A,Q7SIG4,140.0,A,A,C,A,C
140,140,140,140,141.0,A,P,C,141.0,PRO,A,Q7SIG4,141.0,P,P,C,P,C
141,141,141,141,142.0,A,A,C,142.0,ALA,A,Q7SIG4,142.0,A,A,C,A,C
142,142,142,142,143.0,A,D,C,143.0,ASP,A,Q7SIG4,143.0,D,D,C,D,C
143,143,143,143,144.0,A,Y,C,144.0,TYR,A,Q7SIG4,144.0,Y,Y,C,Y,C
144,144,144,144,145.0,A,T,C,145.0,THR,A,Q7SIG4,145.0,T,T,C,T,C
145,145,145,145,146.0,A,R,C,146.0,ARG,A,Q7SIG4,146.0,R,R,C,R,C
146,146,146,146,147.0,A,S,C,147.0,SER,A,Q7SIG4,147.0,S,S,C,S,C
147,147,147,147,148.0,A,M,C,148.0,MET,A,Q7SIG4,148.0,M,M,C,M,C
148,148,148,148,149.0,A,Q,C,149.0,GLN,A,Q7SIG4,149.0,Q,Q,C,Q,C
149,149,149,149,150.0,A,E,C,150.0,GLU,A,Q7SIG4,150.0,E,E,C,E,C
150,150,150,150,151.0,A,K,C,151.0,LYS,A,Q7SIG4,151.0,K,K,C,K,C
151,151,151,151,152.0,A,F,C,152.0,PHE,A,Q7SIG4,152.0,F,F,C,F,C
152,152,152,152,153.0,A,G,E,153.0,GLY,A,Q7SIG4,153.0,G,G,E,G,C
153,153,153,153,154.0,A,S,E,154.0,SER,A,Q7SIG4,154.0,S,S,E,S,C
154,154,154,154,155.0,A,I,E,155.0,ILE,A,Q7SIG4,155.0,I,I,E,I,E
155,155,155,155,156.0,A,Y,E,156.0,TYR,A,Q7SIG4,156.0,Y,Y,E,Y,E
156,156,156,156,157.0,A,C,E,157.0,CYS,A,Q7SIG4,157.0,C,C,E,C,E
157,157,157,157,158.0,A,F,E,158.0,PHE,A,Q7SIG4,158.0,F,F,E,F,E
158,158,158,158,159.0,A,T,C,159.0,THR,A,Q7SIG4,159.0,T,T,C,T,E
159,159,159,159,160.0,A,T,C,160.0,THR,A,Q7SIG4,160.0,T,T,C,T,C
160,160,160,160,161.0,A,D,C,161.0,ASP,A,Q7SIG4,161.0,D,D,C,D,C
161,161,161,161,162.0,A,G,C,162.0,GLY,A,Q7SIG4,162.0,G,G,C,G,C
162,162,162,162,163.0,A,Q,C,163.0,GLN,A,Q7SIG4,163.0,Q,Q,C,Q,E
163,163,163,163,164.0,A,M,E,164.0,MET,A,Q7SIG4,164.0,M,M,E,M,E
164,164,164,164,165.0,A,I,E,165.0,ILE,A,Q7SIG4,165.0,I,I,E,I,E
165,165,165,165,166.0,A,Q,E,166.0,GLN,A,Q7SIG4,166.0,Q,Q,E,Q,E
166,166,166,166,167.0,A,V,E,167.0,VAL,A,Q7SIG4,167.0,V,V,E,V,E
167,167,167,167,168.0,A,D,E,168.0,ASP,A,Q7SIG4,168.0,D,D,E,D,C
168,168,168,168,169.0,A,T,E,169.0,THR,A,Q7SIG4,169.0,T,T,E,T,C
169,169,169,169,170.0,A,A,E,170.0,ALA,A,Q7SIG4,170.0,A,A,E,A,C
170,170,170,170,171.0,A,F,E,171.0,PHE,A,Q7SIG4,171.0,F,F,E,F,C
171,171,171,171,172.0,A,Q,C,172.0,GLN,A,Q7SIG4,172.0,Q,Q,C,Q,C
172,172,172,172,173.0,A,F,C,173.0,PHE,A,Q7SIG4,173.0,F,F,C,F,C
173,173,173,173,174.0,A,P,E,174.0,PRO,A,Q7SIG4,174.0,P,P,E,P,C
174,174,174,174,175.0,A,N,E,175.0,ASN,A,Q7SIG4,175.0,N,N,E,N,C
175,175,175,175,176.0,A,G,E,176.0,GLY,A,Q7SIG4,176.0,G,G,E,G,C
176,176,176,176,177.0,A,I,E,177.0,ILE,A,Q7SIG4,177.0,I,I,E,I,C
177,177,177,177,178.0,A,A,E,178.0,ALA,A,Q7SIG4,178.0,A,A,E,A,C
178,178,178,178,179.0,A,V,E,179.0,VAL,A,Q7SIG4,179.0,V,V,E,V,C
179,179,179,179,180.0,A,R,E,180.0,ARG,A,Q7SIG4,180.0,R,R,E,R,C
180,180,180,180,181.0,A,H,E,181.0,HIS,A,Q7SIG4,181.0,H,H,E,H,C
181,181,181,181,182.0,A,M,C,182.0,MET,A,Q7SIG4,182.0,M,M,C,M,C
182,182,182,182,183.0,A,N,C,183.0,ASN,A,Q7SIG4,183.0,N,N,C,N,C
183,183,183,183,184.0,A,D,C,184.0,ASP,A,Q7SIG4,184.0,D,D,C,D,C
184,184,184,184,185.0,A,G,C,185.0,GLY,A,Q7SIG4,185.0,G,G,C,G,C
185,185,185,185,186.0,A,R,C,186.0,ARG,A,Q7SIG4,186.0,R,R,C,R,C
186,186,186,186,187.0,A,P,E,187.0,PRO,A,Q7SIG4,187.0,P,P,E,P,C
187,187,187,187,188.0,A,Y,E,188.0,TYR,A,Q7SIG4,188.0,Y,Y,E,Y,E
188,188,188,188,189.0,A,Q,E,189.0,GLN,A,Q7SIG4,189.0,Q,Q,E,Q,E
189,189,189,189,190.0,A,L,E,190.0,LEU,A,Q7SIG4,190.0,L,L,E,L,E
190,190,190,190,191.0,A,I,E,191.0,ILE,A,Q7SIG4,191.0,I,I,E,I,E
191,191,191,191,192.0,A,V,E,192.0,VAL,A,Q7SIG4,192.0,V,V,E,V,E
192,192,192,192,193.0,A,A,E,193.0,ALA,A,Q7SIG4,193.0,A,A,E,A,E
193,193,193,193,194.0,A,E,E,194.0,GLU,A,Q7SIG4,194.0,E,E,E,E,C
194,194,194,194,195.0,A,T,C,195.0,THR,A,Q7SIG4,195.0,T,T,C,T,C
195,195,195,195,196.0,A,P,C,196.0,PRO,A,Q7SIG4,196.0,P,P,C,P,C
196,196,196,196,197.0,A,T,C,197.0,THR,A,Q7SIG4,197.0,T,T,C,T,C
197,197,197,197,198.0,A,K,C,198.0,LYS,A,Q7SIG4,198.0,K,K,C,K,C
198,198,198,198,199.0,A,K,E,199.0,LYS,A,Q7SIG4,199.0,K,K,E,K,E
199,199,199,199,200.0,A,L,E,200.0,LEU,A,Q7SIG4,200.0,L,L,E,L,E
200,200,200,200,201.0,A,W,E,201.0,TRP,A,Q7SIG4,201.0,W,W,E,W,E
201,201,201,201,202.0,A,S,E,202.0,SER,A,Q7SIG4,202.0,S,S,E,S,E
202,202,202,202,203.0,A,Y,E,203.0,TYR,A,Q7SIG4,203.0,Y,Y,E,Y,E
203,203,203,203,204.0,A,D,E,204.0,ASP,A,Q7SIG4,204.0,D,D,E,D,C
204,204,204,204,205.0,A,I,E,205.0,ILE,A,Q7SIG4,205.0,I,I,E,I,C
205,205,205,205,206.0,A,K,E,206.0,LYS,A,Q7SIG4,206.0,K,K,E,K,C
206,206,206,206,207.0,A,G,E,207.0,GLY,A,Q7SIG4,207.0,G,G,E,G,C
207,207,207,207,208.0,A,P,C,208.0,PRO,A,Q7SIG4,208.0,P,P,C,P,C
208,208,208,208,209.0,A,A,C,209.0,ALA,A,Q7SIG4,209.0,A,A,C,A,C
209,209,209,209,210.0,A,K,E,210.0,LYS,A,Q7SIG4,210.0,K,K,E,K,C
210,210,210,210,211.0,A,I,E,211.0,ILE,A,Q7SIG4,211.0,I,I,E,I,C
211,211,211,211,212.0,A,E,E,212.0,GLU,A,Q7SIG4,212.0,E,E,E,E,C
212,212,212,212,213.0,A,N,E,213.0,ASN,A,Q7SIG4,213.0,N,N,E,N,C
213,213,213,213,214.0,A,K,E,214.0,LYS,A,Q7SIG4,214.0,K,K,E,K,C
214,214,214,214,215.0,A,K,E,215.0,LYS,A,Q7SIG4,215.0,K,K,E,K,C
215,215,215,215,216.0,A,V,E,216.0,VAL,A,Q7SIG4,216.0,V,V,E,V,E
216,216,216,216,217.0,A,W,E,217.0,TRP,A,Q7SIG4,217.0,W,W,E,W,E
217,217,217,217,218.0,A,G,E,218.0,GLY,A,Q7SIG4,218.0,G,G,E,G,E
218,218,218,218,219.0,A,H,E,219.0,HIS,A,Q7SIG4,219.0,H,H,E,H,E
219,219,219,219,220.0,A,I,C,220.0,ILE,A,Q7SIG4,220.0,I,I,C,I,C
220,220,220,220,221.0,A,P,C,221.0,PRO,A,Q7SIG4,221.0,P,P,C,P,C
221,221,221,221,222.0,A,G,C,222.0,GLY,A,Q7SIG4,222.0,G,G,C,G,C
222,222,222,222,223.0,A,T,C,223.0,THR,A,Q7SIG4,223.0,T,T,C,T,C
223,223,223,223,224.0,A,H,C,224.0,HIS,A,Q7SIG4,224.0,H,H,C,H,C
224,224,224,224,225.0,A,E,C,225.0,GLU,A,Q7SIG4,225.0,E,E,C,E,C
225,225,225,225,226.0,A,G,C,226.0,GLY,A,Q7SIG4,226.0,G,G,C,G,C
226,226,226,226,227.0,A,G,E,227.0,GLY,A,Q7SIG4,227.0,G,G,E,G,C
227,227,227,227,228.0,A,A,E,228.0,ALA,A,Q7SIG4,228.0,A,A,E,A,C
228,228,228,228,229.0,A,D,E,229.0,ASP,A,Q7SIG4,229.0,D,D,E,D,C
229,229,229,229,230.0,A,G,E,230.0,GLY,A,Q7SIG4,230.0,G,G,E,G,C
230,230,230,230,231.0,A,M,E,231.0,MET,A,Q7SIG4,231.0,M,M,E,M,E
231,231,231,231,232.0,A,D,E,232.0,ASP,A,Q7SIG4,232.0,D,D,E,D,E
232,232,232,232,233.0,A,F,E,233.0,PHE,A,Q7SIG4,233.0,F,F,E,F,E
233,233,233,233,234.0,A,D,C,234.0,ASP,A,Q7SIG4,234.0,D,D,C,D,C
234,234,234,234,235.0,A,E,C,235.0,GLU,A,Q7SIG4,235.0,E,E,C,E,C
235,235,235,235,236.0,A,D,C,236.0,ASP,A,Q7SIG4,236.0,D,D,C,D,C
236,236,236,236,237.0,A,N,C,237.0,ASN,A,Q7SIG4,237.0,N,N,C,N,C
237,237,237,237,238.0,A,N,C,238.0,ASN,A,Q7SIG4,238.0,N,N,C,N,C
238,238,238,238,239.0,A,L,E,239.0,LEU,A,Q7SIG4,239.0,L,L,E,L,E
239,239,239,239,240.0,A,L,E,240.0,LEU,A,Q7SIG4,240.0,L,L,E,L,E
240,240,240,240,241.0,A,V,E,241.0,VAL,A,Q7SIG4,241.0,V,V,E,V,E
241,241,241,241,242.0,A,A,E,242.0,ALA,A,Q7SIG4,242.0,A,A,E,A,E
242,242,242,242,243.0,A,N,E,243.0,ASN,A,Q7SIG4,243.0,N,N,E,N,E
243,243,243,243,244.0,A,W,E,244.0,TRP,A,Q7SIG4,244.0,W,W,E,W,C
244,244,244,244,245.0,A,G,C,245.0,GLY,A,Q7SIG4,245.0,G,G,C,G,C
245,245,245,245,246.0,A,S,C,246.0,SER,A,Q7SIG4,246.0,S,S,C,S,C
246,246,246,246,247.0,A,S,C,247.0,SER,A,Q7SIG4,247.0,S,S,C,S,C
247,247,247,247,248.0,A,H,E,248.0,HIS,A,Q7SIG4,248.0,H,H,E,H,E
248,248,248,248,249.0,A,I,E,249.0,ILE,A,Q7SIG4,249.0,I,I,E,I,E
249,249,249,249,250.0,A,E,E,250.0,GLU,A,Q7SIG4,250.0,E,E,E,E,E
250,250,250,250,251.0,A,V,E,251.0,VAL,A,Q7SIG4,251.0,V,V,E,V,E
251,251,251,251,252.0,A,F,E,252.0,PHE,A,Q7SIG4,252.0,F,F,E,F,E
252,252,252,252,253.0,A,G,C,253.0,GLY,A,Q7SIG4,253.0,G,G,C,G,E
253,253,253,253,254.0,A,P,C,254.0,PRO,A,Q7SIG4,254.0,P,P,C,P,C
254,254,254,254,255.0,A,D,C,255.0,ASP,A,Q7SIG4,255.0,D,D,C,D,C
255,255,255,255,256.0,A,G,C,256.0,GLY,A,Q7SIG4,256.0,G,G,C,G,C
256,256,256,256,257.0,A,G,C,257.0,GLY,A,Q7SIG4,257.0,G,G,C,G,C
257,257,257,257,258.0,A,Q,C,258.0,GLN,A,Q7SIG4,258.0,Q,Q,C,Q,E
258,258,258,258,259.0,A,P,C,259.0,PRO,A,Q7SIG4,259.0,P,P,C,P,E
259,259,259,259,260.0,A,K,C,260.0,LYS,A,Q7SIG4,260.0,K,K,C,K,E
260,260,260,260,261.0,A,M,E,261.0,MET,A,Q7SIG4,261.0,M,M,E,M,E
261,261,261,261,262.0,A,R,E,262.0,ARG,A,Q7SIG4,262.0,R,R,E,R,E
262,262,262,262,263.0,A,I,E,263.0,ILE,A,Q7SIG4,263.0,I,I,E,I,E
263,263,263,263,264.0,A,R,E,264.0,ARG,A,Q7SIG4,264.0,R,R,E,R,E
264,264,264,264,265.0,A,C,C,265.0,CYS,A,Q7SIG4,265.0,C,C,C,C,C
265,265,265,265,266.0,A,P,C,266.0,PRO,A,Q7SIG4,266.0,P,P,C,P,C
266,266,266,266,267.0,A,F,C,267.0,PHE,A,Q7SIG4,267.0,F,F,C,F,C
267,267,267,267,268.0,A,E,C,268.0,GLU,A,Q7SIG4,268.0,E,E,C,E,C
268,268,268,268,269.0,A,K,C,269.0,LYS,A,Q7SIG4,269.0,K,K,C,K,C
269,269,269,269,270.0,A,P,E,270.0,PRO,A,Q7SIG4,270.0,P,P,E,P,C
270,270,270,270,271.0,A,S,E,271.0,SER,A,Q7SIG4,271.0,S,S,E,S,E
271,271,271,271,272.0,A,N,E,272.0,ASN,A,Q7SIG4,272.0,N,N,E,N,E
272,272,272,272,273.0,A,L,E,273.0,LEU,A,Q7SIG4,273.0,L,L,E,L,E
273,273,273,273,274.0,A,H,E,274.0,HIS,A,Q7SIG4,274.0,H,H,E,H,E
274,274,274,274,275.0,A,F,E,275.0,PHE,A,Q7SIG4,275.0,F,F,E,F,E
275,275,275,275,276.0,A,K,C,276.0,LYS,A,Q7SIG4,276.0,K,K,C,K,C
276,276,276,276,277.0,A,P,C,277.0,PRO,A,Q7SIG4,277.0,P,P,C,P,C
277,277,277,277,278.0,A,Q,C,278.0,GLN,A,Q7SIG4,278.0,Q,Q,C,Q,C
278,278,278,278,279.0,A,T,C,279.0,THR,A,Q7SIG4,279.0,T,T,C,T,C
279,279,279,279,280.0,A,K,C,280.0,LYS,A,Q7SIG4,280.0,K,K,C,K,C
280,280,280,280,281.0,A,T,E,281.0,THR,A,Q7SIG4,281.0,T,T,E,T,E
281,281,281,281,282.0,A,I,E,282.0,ILE,A,Q7SIG4,282.0,I,I,E,I,E
282,282,282,282,283.0,A,F,E,283.0,PHE,A,Q7SIG4,283.0,F,F,E,F,E
283,283,283,283,284.0,A,V,E,284.0,VAL,A,Q7SIG4,284.0,V,V,E,V,E
284,284,284,284,285.0,A,T,E,285.0,THR,A,Q7SIG4,285.0,T,T,E,T,E
285,285,285,285,286.0,A,E,E,286.0,GLU,A,Q7SIG4,286.0,E,E,E,E,E
286,286,286,286,287.0,A,H,C,287.0,HIS,A,Q7SIG4,287.0,H,H,C,H,C
287,287,287,287,288.0,A,E,C,288.0,GLU,A,Q7SIG4,288.0,E,E,C,E,C
288,288,288,288,289.0,A,N,C,289.0,ASN,A,Q7SIG4,289.0,N,N,C,N,C
289,289,289,289,290.0,A,N,C,290.0,ASN,A,Q7SIG4,290.0,N,N,C,N,C
290,290,290,290,291.0,A,A,E,291.0,ALA,A,Q7SIG4,291.0,A,A,E,A,E
291,291,291,291,292.0,A,V,E,292.0,VAL,A,Q7SIG4,292.0,V,V,E,V,E
292,292,292,292,293.0,A,W,E,293.0,TRP,A,Q7SIG4,293.0,W,W,E,W,E
293,293,293,293,294.0,A,K,E,294.0,LYS,A,Q7SIG4,294.0,K,K,E,K,E
294,294,294,294,295.0,A,F,E,295.0,PHE,A,Q7SIG4,295.0,F,F,E,F,E
295,295,295,295,296.0,A,E,E,296.0,GLU,A,Q7SIG4,296.0,E,E,E,E,E
296,296,296,296,297.0,A,W,C,297.0,TRP,A,Q7SIG4,297.0,W,W,C,W,E
297,297,297,297,298.0,A,Q,C,298.0,GLN,A,Q7SIG4,298.0,Q,Q,C,Q,C
298,298,298,298,299.0,A,R,C,299.0,ARG,A,Q7SIG4,299.0,R,R,C,R,C
299,299,299,299,300.0,A,N,C,300.0,ASN,A,Q7SIG4,300.0,N,N,C,N,C
300,300,300,300,301.0,A,G,C,301.0,GLY,A,Q7SIG4,301.0,G,G,C,G,C
301,301,301,301,302.0,A,K,C,302.0,LYS,A,Q7SIG4,302.0,K,K,C,K,C
302,302,302,302,303.0,A,K,C,303.0,LYS,A,Q7SIG4,303.0,K,K,C,K,C
303,303,303,303,304.0,A,Q,C,304.0,GLN,A,Q7SIG4,304.0,Q,Q,C,Q,C
304,304,304,304,305.0,A,Y,C,305.0,TYR,A,Q7SIG4,305.0,Y,Y,C,Y,C
305,305,305,305,306.0,A,C,C,306.0,CYS,A,Q7SIG4,306.0,C,C,C,C,C
306,306,306,306,307.0,A,E,C,307.0,GLU,A,Q7SIG4,307.0,E,E,C,E,C
307,307,307,307,308.0,A,T,C,308.0,THR,A,Q7SIG4,308.0,T,T,C,T,C
308,308,308,308,309.0,A,L,C,309.0,LEU,A,Q7SIG4,309.0,L,L,C,L,C
309,309,309,309,310.0,A,K,C,310.0,LYS,A,Q7SIG4,310.0,K,K,C,K,C
310,310,310,310,311.0,A,F,C,311.0,PHE,A,Q7SIG4,311.0,F,F,C,F,C
311,311,311,311,312.0,A,G,C,312.0,GLY,A,Q7SIG4,312.0,G,G,C,G,C
312,312,312,312,313.0,A,I,C,313.0,ILE,A,Q7SIG4,313.0,I,I,C,I,C
313,313,313,313,314.0,A,F,C,314.0,PHE,A,Q7SIG4,314.0,F,,,F,C
