,Unnamed: 0.6,Unnamed: 0.5,Unnamed: 0.4,Unnamed: 0.3,Unnamed: 0.2,Unnamed: 0.1,Unnamed: 0,RES,CHAIN,AA,SS_CLASS,PDB_dbResNum,PDB_dbResName,PDB_dbChainId,UniProt_dbAccessionId,UniProt_dbResNum,UniProt_dbResName,shifted Uni,AF_predictions,Jpred_seq,Jpred_SS_pred
0,0,0,0,118.0,118.0,118.0,118.0,119.0,A,A,C,119.0,ALA,A,P35505,119.0,A,A,C,A,C
1,1,1,1,119.0,119.0,119.0,119.0,120.0,A,T,C,120.0,THR,A,P35505,120.0,T,T,C,T,C
2,2,2,2,120.0,120.0,120.0,120.0,121.0,A,I,C,121.0,ILE,A,P35505,121.0,I,I,C,I,C
3,3,3,3,121.0,121.0,121.0,121.0,122.0,A,G,C,122.0,GLY,A,P35505,122.0,G,G,C,G,C
4,4,4,4,122.0,122.0,122.0,122.0,123.0,A,D,C,123.0,ASP,A,P35505,123.0,D,D,C,D,C
5,5,5,5,123.0,123.0,123.0,123.0,124.0,A,Y,E,124.0,TYR,A,P35505,124.0,Y,Y,E,Y,E
6,6,6,6,124.0,124.0,124.0,124.0,125.0,A,T,E,125.0,THR,A,P35505,125.0,T,T,E,T,E
7,7,7,7,125.0,125.0,125.0,125.0,126.0,A,D,E,126.0,ASP,A,P35505,126.0,D,D,E,D,E
8,8,8,8,126.0,126.0,126.0,126.0,127.0,A,F,E,127.0,PHE,A,P35505,127.0,F,F,E,F,E
9,9,9,9,127.0,127.0,127.0,127.0,128.0,A,Y,C,128.0,TYR,A,P35505,128.0,Y,Y,C,Y,C
10,10,10,10,128.0,128.0,128.0,128.0,129.0,A,S,C,129.0,SER,A,P35505,129.0,S,S,C,S,C
11,11,11,11,129.0,129.0,129.0,129.0,130.0,A,S,C,130.0,SER,A,P35505,130.0,S,S,C,S,C
12,12,12,12,130.0,130.0,130.0,130.0,131.0,A,R,H,131.0,ARG,A,P35505,131.0,R,R,H,R,H
13,13,13,13,131.0,131.0,131.0,131.0,132.0,A,Q,H,132.0,GLN,A,P35505,132.0,Q,Q,H,Q,H
14,14,14,14,132.0,132.0,132.0,132.0,133.0,A,H,H,133.0,HIS,A,P35505,133.0,H,H,H,H,H
15,15,15,15,133.0,133.0,133.0,133.0,134.0,A,A,H,134.0,ALA,A,P35505,134.0,A,A,H,A,H
16,16,16,16,134.0,134.0,134.0,134.0,135.0,A,T,H,135.0,THR,A,P35505,135.0,T,T,H,T,H
17,17,17,17,135.0,135.0,135.0,135.0,136.0,A,N,H,136.0,ASN,A,P35505,136.0,N,N,H,N,H
18,18,18,18,136.0,136.0,136.0,136.0,137.0,A,V,H,137.0,VAL,A,P35505,137.0,V,V,H,V,H
19,19,19,19,137.0,137.0,137.0,137.0,138.0,A,G,H,138.0,GLY,A,P35505,138.0,G,G,H,G,H
20,20,20,20,138.0,138.0,138.0,138.0,139.0,A,I,H,139.0,ILE,A,P35505,139.0,I,I,H,I,H
21,21,21,21,139.0,139.0,139.0,139.0,140.0,A,M,H,140.0,MET,A,P35505,140.0,M,M,H,M,H
22,22,22,22,140.0,140.0,140.0,140.0,141.0,A,F,H,141.0,PHE,A,P35505,141.0,F,F,H,F,H
23,23,23,23,141.0,141.0,141.0,141.0,142.0,A,R,H,142.0,ARG,A,P35505,142.0,R,R,H,R,H
24,24,24,24,142.0,142.0,142.0,142.0,143.0,A,G,C,143.0,GLY,A,P35505,143.0,G,G,C,G,C
25,25,25,25,143.0,143.0,143.0,143.0,144.0,A,K,C,144.0,LYS,A,P35505,144.0,K,K,C,K,C
26,26,26,26,144.0,144.0,144.0,144.0,145.0,A,E,C,145.0,GLU,A,P35505,145.0,E,E,C,E,C
27,27,27,27,145.0,145.0,145.0,145.0,146.0,A,N,C,146.0,ASN,A,P35505,146.0,N,N,C,N,C
28,28,28,28,146.0,146.0,146.0,146.0,147.0,A,A,C,147.0,ALA,A,P35505,147.0,A,A,C,A,C
29,29,29,29,147.0,147.0,147.0,147.0,148.0,A,L,C,148.0,LEU,A,P35505,148.0,L,L,C,L,C
30,30,30,30,148.0,148.0,148.0,148.0,149.0,A,L,C,149.0,LEU,A,P35505,149.0,L,L,C,L,C
31,31,31,31,149.0,149.0,149.0,149.0,150.0,A,P,C,150.0,PRO,A,P35505,150.0,P,P,C,P,C
32,32,32,32,150.0,150.0,150.0,150.0,151.0,A,N,C,151.0,ASN,A,P35505,151.0,N,N,C,N,C
33,33,33,33,151.0,151.0,151.0,151.0,152.0,A,W,C,152.0,TRP,A,P35505,152.0,W,W,C,W,C
34,34,34,34,152.0,152.0,152.0,152.0,153.0,A,L,C,153.0,LEU,A,P35505,153.0,L,L,C,L,C
35,35,35,35,153.0,153.0,153.0,153.0,154.0,A,H,C,154.0,HIS,A,P35505,154.0,H,H,C,H,C
36,36,36,36,154.0,154.0,154.0,154.0,155.0,A,L,C,155.0,LEU,A,P35505,155.0,L,L,C,L,C
37,37,37,37,155.0,155.0,155.0,155.0,156.0,A,P,C,156.0,PRO,A,P35505,156.0,P,P,C,P,C
38,38,38,38,156.0,156.0,156.0,156.0,157.0,A,V,C,157.0,VAL,A,P35505,157.0,V,V,C,V,C
39,39,39,39,157.0,157.0,157.0,157.0,158.0,A,G,E,158.0,GLY,A,P35505,158.0,G,G,E,G,E
40,40,40,40,158.0,158.0,158.0,158.0,159.0,A,Y,E,159.0,TYR,A,P35505,159.0,Y,Y,E,Y,E
41,41,41,41,159.0,159.0,159.0,159.0,160.0,A,H,E,160.0,HIS,A,P35505,160.0,H,H,E,H,E
42,42,42,42,160.0,160.0,160.0,160.0,161.0,A,G,C,161.0,GLY,A,P35505,161.0,G,G,C,G,C
43,43,43,43,161.0,161.0,161.0,161.0,162.0,A,R,C,162.0,ARG,A,P35505,162.0,R,R,C,R,C
44,44,44,44,162.0,162.0,162.0,162.0,163.0,A,A,C,163.0,ALA,A,P35505,163.0,A,A,C,A,C
45,45,45,45,163.0,163.0,163.0,163.0,164.0,A,S,C,164.0,SER,A,P35505,164.0,S,S,C,S,C
46,46,46,46,164.0,164.0,164.0,164.0,165.0,A,S,C,165.0,SER,A,P35505,165.0,S,S,C,S,C
47,47,47,47,165.0,165.0,165.0,165.0,166.0,A,I,E,166.0,ILE,A,P35505,166.0,I,I,E,I,E
48,48,48,48,166.0,166.0,166.0,166.0,167.0,A,V,E,167.0,VAL,A,P35505,167.0,V,V,E,V,E
49,49,49,49,167.0,167.0,167.0,167.0,168.0,A,V,E,168.0,VAL,A,P35505,168.0,V,V,E,V,E
50,50,50,50,168.0,168.0,168.0,168.0,169.0,A,S,C,169.0,SER,A,P35505,169.0,S,S,C,S,C
51,51,51,51,169.0,169.0,169.0,169.0,170.0,A,G,C,170.0,GLY,A,P35505,170.0,G,G,C,G,C
52,52,52,52,170.0,170.0,170.0,170.0,171.0,A,T,C,171.0,THR,A,P35505,171.0,T,T,C,T,C
53,53,53,53,171.0,171.0,171.0,171.0,172.0,A,P,C,172.0,PRO,A,P35505,172.0,P,P,C,P,C
54,54,54,54,172.0,172.0,172.0,172.0,173.0,A,I,E,173.0,ILE,A,P35505,173.0,I,I,E,I,E
55,55,55,55,173.0,173.0,173.0,173.0,174.0,A,R,E,174.0,ARG,A,P35505,174.0,R,R,E,R,E
56,56,56,56,174.0,174.0,174.0,174.0,175.0,A,R,C,175.0,ARG,A,P35505,175.0,R,R,C,R,C
57,57,57,57,175.0,175.0,175.0,175.0,176.0,A,P,C,176.0,PRO,A,P35505,176.0,P,P,C,P,C
58,58,58,58,176.0,176.0,176.0,176.0,177.0,A,M,E,177.0,MET,A,P35505,177.0,M,M,E,M,E
59,59,59,59,177.0,177.0,177.0,177.0,178.0,A,G,E,178.0,GLY,A,P35505,178.0,G,G,E,G,E
60,60,60,60,178.0,178.0,178.0,178.0,179.0,A,Q,E,179.0,GLN,A,P35505,179.0,Q,Q,E,Q,E
61,61,61,61,179.0,179.0,179.0,179.0,180.0,A,M,E,180.0,MET,A,P35505,180.0,M,M,E,M,E
62,62,62,62,180.0,180.0,180.0,180.0,181.0,A,R,C,181.0,ARG,A,P35505,181.0,R,R,C,R,C
63,63,63,63,181.0,181.0,181.0,181.0,182.0,A,P,C,182.0,PRO,A,P35505,182.0,P,P,C,P,C
64,64,64,64,182.0,182.0,182.0,182.0,183.0,A,D,C,183.0,ASP,A,P35505,183.0,D,D,C,D,C
65,65,65,65,183.0,183.0,183.0,183.0,184.0,A,N,C,184.0,ASN,A,P35505,184.0,N,N,C,N,C
66,66,66,66,184.0,184.0,184.0,184.0,185.0,A,S,C,185.0,SER,A,P35505,185.0,S,S,C,S,C
67,67,67,67,185.0,185.0,185.0,185.0,186.0,A,K,C,186.0,LYS,A,P35505,186.0,K,K,C,K,C
68,68,68,68,186.0,186.0,186.0,186.0,187.0,A,P,C,187.0,PRO,A,P35505,187.0,P,P,C,P,C
69,69,69,69,187.0,187.0,187.0,187.0,188.0,A,P,C,188.0,PRO,A,P35505,188.0,P,P,C,P,C
70,70,70,70,188.0,188.0,188.0,188.0,189.0,A,V,E,189.0,VAL,A,P35505,189.0,V,V,E,V,E
71,71,71,71,189.0,189.0,189.0,189.0,190.0,A,Y,E,190.0,TYR,A,P35505,190.0,Y,Y,E,Y,E
72,72,72,72,190.0,190.0,190.0,190.0,191.0,A,G,E,191.0,GLY,A,P35505,191.0,G,G,E,G,E
73,73,73,73,191.0,191.0,191.0,191.0,192.0,A,A,E,192.0,ALA,A,P35505,192.0,A,A,E,A,E
74,74,74,74,192.0,192.0,192.0,192.0,193.0,A,C,C,193.0,CYS,A,P35505,193.0,C,C,C,C,C
75,75,75,75,193.0,193.0,193.0,193.0,194.0,A,R,C,194.0,ARG,A,P35505,194.0,R,R,C,R,C
76,76,76,76,194.0,194.0,194.0,194.0,195.0,A,L,C,195.0,LEU,A,P35505,195.0,L,L,C,L,C
77,77,77,77,195.0,195.0,195.0,195.0,196.0,A,L,E,196.0,LEU,A,P35505,196.0,L,L,E,L,E
78,78,78,78,196.0,196.0,196.0,196.0,197.0,A,D,E,197.0,ASP,A,P35505,197.0,D,D,E,D,E
79,79,79,79,197.0,197.0,197.0,197.0,198.0,A,M,C,198.0,MET,A,P35505,198.0,M,M,C,M,C
80,80,80,80,198.0,198.0,198.0,198.0,199.0,A,E,C,199.0,GLU,A,P35505,199.0,E,E,C,E,E
81,81,81,81,199.0,199.0,199.0,199.0,200.0,A,L,E,200.0,LEU,A,P35505,200.0,L,L,E,L,E
82,82,82,82,200.0,200.0,200.0,200.0,201.0,A,E,E,201.0,GLU,A,P35505,201.0,E,E,E,E,E
83,83,83,83,201.0,201.0,201.0,201.0,202.0,A,M,E,202.0,MET,A,P35505,202.0,M,M,E,M,E
84,84,84,84,202.0,202.0,202.0,202.0,203.0,A,A,E,203.0,ALA,A,P35505,203.0,A,A,E,A,E
85,85,85,85,203.0,203.0,203.0,203.0,204.0,A,F,E,204.0,PHE,A,P35505,204.0,F,F,E,F,E
86,86,86,86,204.0,204.0,204.0,204.0,205.0,A,F,E,205.0,PHE,A,P35505,205.0,F,F,E,F,E
87,87,87,87,205.0,205.0,205.0,205.0,206.0,A,V,E,206.0,VAL,A,P35505,206.0,V,V,E,V,E
88,88,88,88,206.0,206.0,206.0,206.0,207.0,A,G,C,207.0,GLY,A,P35505,207.0,G,G,C,G,C
89,89,89,89,207.0,207.0,207.0,207.0,208.0,A,P,C,208.0,PRO,A,P35505,208.0,P,P,C,P,C
90,90,90,90,208.0,208.0,208.0,208.0,209.0,A,G,C,209.0,GLY,A,P35505,209.0,G,G,C,G,C
91,91,91,91,209.0,209.0,209.0,209.0,210.0,A,N,C,210.0,ASN,A,P35505,210.0,N,N,C,N,C
92,92,92,92,210.0,210.0,210.0,210.0,211.0,A,R,C,211.0,ARG,A,P35505,211.0,R,R,C,R,C
93,93,93,93,211.0,211.0,211.0,211.0,212.0,A,F,C,212.0,PHE,A,P35505,212.0,F,F,C,F,C
94,94,94,94,212.0,212.0,212.0,212.0,213.0,A,G,C,213.0,GLY,A,P35505,213.0,G,G,C,G,C
95,95,95,95,213.0,213.0,213.0,213.0,214.0,A,E,C,214.0,GLU,A,P35505,214.0,E,E,C,E,C
96,96,96,96,214.0,214.0,214.0,214.0,215.0,A,P,C,215.0,PRO,A,P35505,215.0,P,P,C,P,C
97,97,97,97,215.0,215.0,215.0,215.0,216.0,A,I,C,216.0,ILE,A,P35505,216.0,I,I,C,I,C
98,98,98,98,216.0,216.0,216.0,216.0,217.0,A,P,C,217.0,PRO,A,P35505,217.0,P,P,C,P,C
99,99,99,99,217.0,217.0,217.0,217.0,218.0,A,I,H,218.0,ILE,A,P35505,218.0,I,I,C,I,H
100,100,100,100,218.0,218.0,218.0,218.0,219.0,A,S,H,219.0,SER,A,P35505,219.0,S,S,C,S,H
101,101,101,101,219.0,219.0,219.0,219.0,220.0,A,K,H,220.0,LYS,A,P35505,220.0,K,K,C,K,H
102,102,102,102,220.0,220.0,220.0,220.0,221.0,A,A,H,221.0,ALA,A,P35505,221.0,A,A,C,A,H
103,103,103,103,221.0,221.0,221.0,221.0,222.0,A,H,C,222.0,HIS,A,P35505,222.0,H,H,C,H,C
104,104,104,104,222.0,222.0,222.0,222.0,223.0,A,E,C,223.0,GLU,A,P35505,223.0,E,E,C,E,C
105,105,105,105,223.0,223.0,223.0,223.0,224.0,A,H,C,224.0,HIS,A,P35505,224.0,H,H,C,H,C
106,106,106,106,224.0,224.0,224.0,224.0,225.0,A,I,E,225.0,ILE,A,P35505,225.0,I,I,E,I,E
107,107,107,107,225.0,225.0,225.0,225.0,226.0,A,F,E,226.0,PHE,A,P35505,226.0,F,F,E,F,E
108,108,108,108,226.0,226.0,226.0,226.0,227.0,A,G,E,227.0,GLY,A,P35505,227.0,G,G,E,G,E
109,109,109,109,227.0,227.0,227.0,227.0,228.0,A,M,E,228.0,MET,A,P35505,228.0,M,M,E,M,E
110,110,110,110,228.0,228.0,228.0,228.0,229.0,A,V,E,229.0,VAL,A,P35505,229.0,V,V,E,V,E
111,111,111,111,229.0,229.0,229.0,229.0,230.0,A,L,E,230.0,LEU,A,P35505,230.0,L,L,E,L,E
112,112,112,112,230.0,230.0,230.0,230.0,231.0,A,M,E,231.0,MET,A,P35505,231.0,M,M,E,M,E
113,113,113,113,231.0,231.0,231.0,231.0,232.0,A,N,E,232.0,ASN,A,P35505,232.0,N,N,E,N,E
114,114,114,114,232.0,232.0,232.0,232.0,233.0,A,D,C,233.0,ASP,A,P35505,233.0,D,D,E,D,C
115,115,115,115,233.0,233.0,233.0,233.0,234.0,A,W,C,234.0,TRP,A,P35505,234.0,W,W,C,W,C
116,116,116,116,234.0,234.0,234.0,234.0,235.0,A,S,E,235.0,SER,A,P35505,235.0,S,S,E,S,E
117,117,117,117,235.0,235.0,235.0,235.0,236.0,A,A,E,236.0,ALA,A,P35505,236.0,A,A,E,A,E
118,118,118,118,236.0,236.0,236.0,236.0,237.0,A,R,H,237.0,ARG,A,P35505,237.0,R,R,H,R,H
119,119,119,119,237.0,237.0,237.0,237.0,238.0,A,D,H,238.0,ASP,A,P35505,238.0,D,D,H,D,H
120,120,120,120,238.0,238.0,238.0,238.0,239.0,A,I,H,239.0,ILE,A,P35505,239.0,I,I,H,I,H
121,121,121,121,239.0,239.0,239.0,239.0,240.0,A,Q,H,240.0,GLN,A,P35505,240.0,Q,Q,H,Q,H
122,122,122,122,240.0,240.0,240.0,240.0,241.0,A,Q,H,241.0,GLN,A,P35505,241.0,Q,Q,H,Q,H
123,123,123,123,241.0,241.0,241.0,241.0,242.0,A,W,H,242.0,TRP,A,P35505,242.0,W,W,H,W,H
124,124,124,124,242.0,242.0,242.0,242.0,243.0,A,E,H,243.0,GLU,A,P35505,243.0,E,E,H,E,H
125,125,125,125,243.0,243.0,243.0,243.0,244.0,A,Y,C,244.0,TYR,A,P35505,244.0,Y,Y,C,Y,C
126,126,126,126,244.0,244.0,244.0,244.0,245.0,A,V,C,245.0,VAL,A,P35505,245.0,V,V,C,V,C
127,127,127,127,245.0,245.0,245.0,245.0,246.0,A,P,C,246.0,PRO,A,P35505,246.0,P,P,C,P,C
128,128,128,128,246.0,246.0,246.0,246.0,247.0,A,L,C,247.0,LEU,A,P35505,247.0,L,L,C,L,C
129,129,129,129,247.0,247.0,247.0,247.0,248.0,A,G,C,248.0,GLY,A,P35505,248.0,G,G,C,G,C
130,130,130,130,248.0,248.0,248.0,248.0,249.0,A,P,C,249.0,PRO,A,P35505,249.0,P,P,C,P,C
131,131,131,131,249.0,249.0,249.0,249.0,250.0,A,F,C,250.0,PHE,A,P35505,250.0,F,F,C,F,C
132,132,132,132,250.0,250.0,250.0,250.0,251.0,A,L,H,251.0,LEU,A,P35505,251.0,L,L,C,L,H
133,133,133,133,251.0,251.0,251.0,251.0,252.0,A,G,H,252.0,GLY,A,P35505,252.0,G,G,C,G,H
134,134,134,134,252.0,252.0,252.0,252.0,253.0,A,K,H,253.0,LYS,A,P35505,253.0,K,K,C,K,H
135,135,135,135,253.0,253.0,253.0,253.0,254.0,A,S,H,254.0,SER,A,P35505,254.0,S,S,C,S,H
136,136,136,136,254.0,254.0,254.0,254.0,255.0,A,F,C,255.0,PHE,A,P35505,255.0,F,F,C,F,C
137,137,137,137,255.0,255.0,255.0,255.0,256.0,A,G,C,256.0,GLY,A,P35505,256.0,G,G,C,G,C
138,138,138,138,256.0,256.0,256.0,256.0,257.0,A,T,E,257.0,THR,A,P35505,257.0,T,T,E,T,E
139,139,139,139,257.0,257.0,257.0,257.0,258.0,A,T,E,258.0,THR,A,P35505,258.0,T,T,E,T,E
140,140,140,140,258.0,258.0,258.0,258.0,259.0,A,I,E,259.0,ILE,A,P35505,259.0,I,I,E,I,E
141,141,141,141,259.0,259.0,259.0,259.0,260.0,A,S,C,260.0,SER,A,P35505,260.0,S,S,C,S,C
142,142,142,142,260.0,260.0,260.0,260.0,261.0,A,P,C,261.0,PRO,A,P35505,261.0,P,P,C,P,C
143,143,143,143,261.0,261.0,261.0,261.0,262.0,A,W,C,262.0,TRP,A,P35505,262.0,W,W,C,W,C
144,144,144,144,262.0,262.0,262.0,262.0,263.0,A,V,C,263.0,VAL,A,P35505,263.0,V,V,C,V,E
145,145,145,145,263.0,263.0,263.0,263.0,264.0,A,V,E,264.0,VAL,A,P35505,264.0,V,V,E,V,E
146,146,146,146,264.0,264.0,264.0,264.0,265.0,A,P,E,265.0,PRO,A,P35505,265.0,P,P,E,P,E
147,147,147,147,265.0,265.0,265.0,265.0,266.0,A,M,H,266.0,MET,A,P35505,266.0,M,M,H,M,H
148,148,148,148,266.0,266.0,266.0,266.0,267.0,A,D,H,267.0,ASP,A,P35505,267.0,D,D,H,D,H
149,149,149,149,267.0,267.0,267.0,267.0,268.0,A,A,H,268.0,ALA,A,P35505,268.0,A,A,H,A,H
150,150,150,150,268.0,268.0,268.0,268.0,269.0,A,L,H,269.0,LEU,A,P35505,269.0,L,L,H,L,H
151,151,151,151,269.0,269.0,269.0,269.0,270.0,A,M,C,270.0,MET,A,P35505,270.0,M,M,C,M,C
152,152,152,152,270.0,270.0,270.0,270.0,271.0,A,P,C,271.0,PRO,A,P35505,271.0,P,P,C,P,C
153,153,153,153,271.0,271.0,271.0,271.0,272.0,A,F,C,272.0,PHE,A,P35505,272.0,F,F,C,F,C
154,154,154,154,272.0,272.0,272.0,272.0,273.0,A,V,E,273.0,VAL,A,P35505,273.0,V,V,E,V,E
155,155,155,155,273.0,273.0,273.0,273.0,274.0,A,V,E,274.0,VAL,A,P35505,274.0,V,V,E,V,E
156,156,156,156,274.0,274.0,274.0,274.0,275.0,A,P,C,275.0,PRO,A,P35505,275.0,P,P,C,P,C
157,157,157,157,275.0,275.0,275.0,275.0,276.0,A,N,C,276.0,ASN,A,P35505,276.0,N,N,C,N,C
158,158,158,158,276.0,276.0,276.0,276.0,277.0,A,P,C,277.0,PRO,A,P35505,277.0,P,P,C,P,C
159,159,159,159,277.0,277.0,277.0,277.0,278.0,A,K,C,278.0,LYS,A,P35505,278.0,K,K,C,K,C
160,160,160,160,278.0,278.0,278.0,278.0,279.0,A,Q,C,279.0,GLN,A,P35505,279.0,Q,Q,C,Q,C
161,161,161,161,279.0,279.0,279.0,279.0,280.0,A,D,C,280.0,ASP,A,P35505,280.0,D,D,C,D,C
162,162,162,162,280.0,280.0,280.0,280.0,281.0,A,P,C,281.0,PRO,A,P35505,281.0,P,P,C,P,C
163,163,163,163,281.0,281.0,281.0,281.0,282.0,A,K,C,282.0,LYS,A,P35505,282.0,K,K,C,K,C
164,164,164,164,282.0,282.0,282.0,282.0,283.0,A,P,C,283.0,PRO,A,P35505,283.0,P,P,C,P,C
165,165,165,165,283.0,283.0,283.0,283.0,284.0,A,L,C,284.0,LEU,A,P35505,284.0,L,L,C,L,C
166,166,166,166,284.0,284.0,284.0,284.0,285.0,A,P,C,285.0,PRO,A,P35505,285.0,P,P,C,P,C
167,167,167,167,285.0,285.0,285.0,285.0,286.0,A,Y,C,286.0,TYR,A,P35505,286.0,Y,Y,C,Y,C
168,168,168,168,286.0,286.0,286.0,286.0,287.0,A,L,C,287.0,LEU,A,P35505,287.0,L,L,C,L,C
169,169,169,169,287.0,287.0,287.0,287.0,288.0,A,C,C,288.0,CYS,A,P35505,288.0,C,C,C,C,C
170,170,170,170,288.0,288.0,288.0,288.0,289.0,A,H,C,289.0,HIS,A,P35505,289.0,H,H,C,H,C
171,171,171,171,289.0,289.0,289.0,289.0,290.0,A,S,C,290.0,SER,A,P35505,290.0,S,S,C,S,C
172,172,172,172,290.0,290.0,290.0,290.0,291.0,A,Q,C,291.0,GLN,A,P35505,291.0,Q,Q,C,Q,C
173,173,173,173,291.0,291.0,291.0,291.0,292.0,A,P,C,292.0,PRO,A,P35505,292.0,P,P,C,P,C
174,174,174,174,292.0,292.0,292.0,292.0,293.0,A,Y,C,293.0,TYR,A,P35505,293.0,Y,Y,C,Y,C
175,175,175,175,293.0,293.0,293.0,293.0,294.0,A,T,E,294.0,THR,A,P35505,294.0,T,T,E,T,E
176,176,176,176,294.0,294.0,294.0,294.0,295.0,A,F,E,295.0,PHE,A,P35505,295.0,F,F,E,F,E
177,177,177,177,295.0,295.0,295.0,295.0,296.0,A,D,C,296.0,ASP,A,P35505,296.0,D,D,C,D,C
178,178,178,178,296.0,296.0,296.0,296.0,297.0,A,I,C,297.0,ILE,A,P35505,297.0,I,I,C,I,C
179,179,179,179,297.0,297.0,297.0,297.0,298.0,A,N,E,298.0,ASN,A,P35505,298.0,N,N,E,N,E
180,180,180,180,298.0,298.0,298.0,298.0,299.0,A,L,E,299.0,LEU,A,P35505,299.0,L,L,E,L,E
181,181,181,181,299.0,299.0,299.0,299.0,300.0,A,S,E,300.0,SER,A,P35505,300.0,S,S,E,S,E
182,182,182,182,300.0,300.0,300.0,300.0,301.0,A,V,E,301.0,VAL,A,P35505,301.0,V,V,E,V,E
183,183,183,183,301.0,301.0,301.0,301.0,302.0,A,S,E,302.0,SER,A,P35505,302.0,S,S,E,S,E
184,184,184,184,302.0,302.0,302.0,302.0,303.0,A,L,E,303.0,LEU,A,P35505,303.0,L,L,E,L,E
185,185,185,185,303.0,303.0,303.0,303.0,304.0,A,K,E,304.0,LYS,A,P35505,304.0,K,K,E,K,E
186,186,186,186,304.0,304.0,304.0,304.0,305.0,A,G,C,305.0,GLY,A,P35505,305.0,G,G,C,G,C
187,187,187,187,305.0,305.0,305.0,305.0,306.0,A,E,C,306.0,GLU,A,P35505,306.0,E,E,C,E,C
188,188,188,188,306.0,306.0,306.0,306.0,307.0,A,G,C,307.0,GLY,A,P35505,307.0,G,G,C,G,C
189,189,189,189,307.0,307.0,307.0,307.0,308.0,A,M,C,308.0,MET,A,P35505,308.0,M,M,C,M,C
190,190,190,190,308.0,308.0,308.0,308.0,309.0,A,S,C,309.0,SER,A,P35505,309.0,S,S,C,S,C
191,191,191,191,309.0,309.0,309.0,309.0,310.0,A,Q,C,310.0,GLN,A,P35505,310.0,Q,Q,C,Q,C
192,192,192,192,310.0,310.0,310.0,310.0,311.0,A,A,C,311.0,ALA,A,P35505,311.0,A,A,C,A,C
193,193,193,193,311.0,311.0,311.0,311.0,312.0,A,A,E,312.0,ALA,A,P35505,312.0,A,A,E,A,E
194,194,194,194,312.0,312.0,312.0,312.0,313.0,A,T,E,313.0,THR,A,P35505,313.0,T,T,E,T,E
195,195,195,195,313.0,313.0,313.0,313.0,314.0,A,I,E,314.0,ILE,A,P35505,314.0,I,I,E,I,E
196,196,196,196,314.0,314.0,314.0,314.0,315.0,A,C,E,315.0,CYS,A,P35505,315.0,C,C,E,C,E
197,197,197,197,315.0,315.0,315.0,315.0,316.0,A,R,E,316.0,ARG,A,P35505,316.0,R,R,E,R,E
198,198,198,198,316.0,316.0,316.0,316.0,317.0,A,S,E,317.0,SER,A,P35505,317.0,S,S,E,S,E
199,199,199,199,317.0,317.0,317.0,317.0,318.0,A,N,E,318.0,ASN,A,P35505,318.0,N,N,E,N,E
200,200,200,200,318.0,318.0,318.0,318.0,319.0,A,F,C,319.0,PHE,A,P35505,319.0,F,F,C,F,C
201,201,201,201,319.0,319.0,319.0,319.0,320.0,A,K,C,320.0,LYS,A,P35505,320.0,K,K,C,K,C
202,202,202,202,320.0,320.0,320.0,320.0,321.0,A,H,C,321.0,HIS,A,P35505,321.0,H,H,C,H,C
203,203,203,203,321.0,321.0,321.0,321.0,322.0,A,M,C,322.0,MET,A,P35505,322.0,M,M,C,M,C
204,204,204,204,322.0,322.0,322.0,322.0,323.0,A,Y,C,323.0,TYR,A,P35505,323.0,Y,Y,C,Y,C
205,205,205,205,323.0,323.0,323.0,323.0,324.0,A,W,C,324.0,TRP,A,P35505,324.0,W,W,C,W,C
206,206,206,206,324.0,324.0,324.0,324.0,325.0,A,T,C,325.0,THR,A,P35505,325.0,T,T,C,T,C
207,207,207,207,325.0,325.0,325.0,325.0,326.0,A,M,H,326.0,MET,A,P35505,326.0,M,M,H,M,H
208,208,208,208,326.0,326.0,326.0,326.0,327.0,A,L,H,327.0,LEU,A,P35505,327.0,L,L,H,L,H
209,209,209,209,327.0,327.0,327.0,327.0,328.0,A,Q,H,328.0,GLN,A,P35505,328.0,Q,Q,H,Q,H
210,210,210,210,328.0,328.0,328.0,328.0,329.0,A,Q,H,329.0,GLN,A,P35505,329.0,Q,Q,H,Q,H
211,211,211,211,329.0,329.0,329.0,329.0,330.0,A,L,H,330.0,LEU,A,P35505,330.0,L,L,H,L,H
212,212,212,212,330.0,330.0,330.0,330.0,331.0,A,T,H,331.0,THR,A,P35505,331.0,T,T,H,T,H
213,213,213,213,331.0,331.0,331.0,331.0,332.0,A,H,H,332.0,HIS,A,P35505,332.0,H,H,H,H,H
214,214,214,214,332.0,332.0,332.0,332.0,333.0,A,H,H,333.0,HIS,A,P35505,333.0,H,H,H,H,H
215,215,215,215,333.0,333.0,333.0,333.0,334.0,A,S,H,334.0,SER,A,P35505,334.0,S,S,H,S,H
216,216,216,216,334.0,334.0,334.0,334.0,335.0,A,V,C,335.0,VAL,A,P35505,335.0,V,V,C,V,C
217,217,217,217,335.0,335.0,335.0,335.0,336.0,A,N,C,336.0,ASN,A,P35505,336.0,N,N,C,N,C
218,218,218,218,336.0,336.0,336.0,336.0,337.0,A,G,C,337.0,GLY,A,P35505,337.0,G,G,C,G,C
219,219,219,219,337.0,337.0,337.0,337.0,338.0,A,C,C,338.0,CYS,A,P35505,338.0,C,C,C,C,C
220,220,220,220,338.0,338.0,338.0,338.0,339.0,A,N,C,339.0,ASN,A,P35505,339.0,N,N,C,N,C
221,221,221,221,339.0,339.0,339.0,339.0,340.0,A,L,C,340.0,LEU,A,P35505,340.0,L,L,C,L,C
222,222,222,222,340.0,340.0,340.0,340.0,341.0,A,R,C,341.0,ARG,A,P35505,341.0,R,R,C,R,C
223,223,223,223,341.0,341.0,341.0,341.0,342.0,A,P,C,342.0,PRO,A,P35505,342.0,P,P,C,P,C
224,224,224,224,342.0,342.0,342.0,342.0,343.0,A,G,C,343.0,GLY,A,P35505,343.0,G,G,C,G,C
225,225,225,225,343.0,343.0,343.0,343.0,344.0,A,D,C,344.0,ASP,A,P35505,344.0,D,D,C,D,C
226,226,226,226,344.0,344.0,344.0,344.0,345.0,A,L,E,345.0,LEU,A,P35505,345.0,L,L,E,L,E
227,227,227,227,345.0,345.0,345.0,345.0,346.0,A,L,E,346.0,LEU,A,P35505,346.0,L,L,E,L,E
228,228,228,228,346.0,346.0,346.0,346.0,347.0,A,A,E,347.0,ALA,A,P35505,347.0,A,A,E,A,E
229,229,229,229,347.0,347.0,347.0,347.0,348.0,A,S,C,348.0,SER,A,P35505,348.0,S,S,C,S,C
230,230,230,230,348.0,348.0,348.0,348.0,349.0,A,G,C,349.0,GLY,A,P35505,349.0,G,G,C,G,C
231,231,231,231,349.0,349.0,349.0,349.0,350.0,A,T,C,350.0,THR,A,P35505,350.0,T,T,C,T,C
232,232,232,232,350.0,350.0,350.0,350.0,351.0,A,I,C,351.0,ILE,A,P35505,351.0,I,I,C,I,C
233,233,233,233,351.0,351.0,351.0,351.0,352.0,A,S,C,352.0,SER,A,P35505,352.0,S,S,C,S,C
234,234,234,234,352.0,352.0,352.0,352.0,353.0,A,G,C,353.0,GLY,A,P35505,353.0,G,G,C,G,C
235,235,235,235,353.0,353.0,353.0,353.0,354.0,A,S,C,354.0,SER,A,P35505,354.0,S,S,C,S,C
236,236,236,236,354.0,354.0,354.0,354.0,355.0,A,D,C,355.0,ASP,A,P35505,355.0,D,D,C,D,C
237,237,237,237,355.0,355.0,355.0,355.0,356.0,A,P,C,356.0,PRO,A,P35505,356.0,P,P,C,P,C
238,238,238,238,356.0,356.0,356.0,356.0,357.0,A,E,C,357.0,GLU,A,P35505,357.0,E,E,C,E,C
239,239,239,239,357.0,357.0,357.0,357.0,358.0,A,S,C,358.0,SER,A,P35505,358.0,S,S,C,S,C
240,240,240,240,358.0,358.0,358.0,358.0,359.0,A,F,C,359.0,PHE,A,P35505,359.0,F,F,C,F,C
241,241,241,241,359.0,359.0,359.0,359.0,360.0,A,G,C,360.0,GLY,A,P35505,360.0,G,G,C,G,C
242,242,242,242,360.0,360.0,360.0,360.0,361.0,A,S,C,361.0,SER,A,P35505,361.0,S,S,C,S,E
243,243,243,243,361.0,361.0,361.0,361.0,362.0,A,M,H,362.0,MET,A,P35505,362.0,M,M,H,M,H
244,244,244,244,362.0,362.0,362.0,362.0,363.0,A,L,H,363.0,LEU,A,P35505,363.0,L,L,H,L,H
245,245,245,245,363.0,363.0,363.0,363.0,364.0,A,E,H,364.0,GLU,A,P35505,364.0,E,E,H,E,H
246,246,246,246,364.0,364.0,364.0,364.0,365.0,A,L,H,365.0,LEU,A,P35505,365.0,L,L,H,L,H
247,247,247,247,365.0,365.0,365.0,365.0,366.0,A,S,C,366.0,SER,A,P35505,366.0,S,S,C,S,C
248,248,248,248,366.0,366.0,366.0,366.0,367.0,A,W,C,367.0,TRP,A,P35505,367.0,W,W,C,W,C
249,249,249,249,367.0,367.0,367.0,367.0,368.0,A,K,C,368.0,LYS,A,P35505,368.0,K,K,C,K,C
250,250,250,250,368.0,368.0,368.0,368.0,369.0,A,G,C,369.0,GLY,A,P35505,369.0,G,G,C,G,C
251,251,251,251,369.0,369.0,369.0,369.0,370.0,A,T,C,370.0,THR,A,P35505,370.0,T,T,C,T,C
252,252,252,252,370.0,370.0,370.0,370.0,371.0,A,K,C,371.0,LYS,A,P35505,371.0,K,K,C,K,C
253,253,253,253,371.0,371.0,371.0,371.0,372.0,A,A,C,372.0,ALA,A,P35505,372.0,A,A,C,A,C
254,254,254,254,372.0,372.0,372.0,372.0,373.0,A,I,E,373.0,ILE,A,P35505,373.0,I,I,E,I,E
255,255,255,255,373.0,373.0,373.0,373.0,374.0,A,D,E,374.0,ASP,A,P35505,374.0,D,D,E,D,E
256,256,256,256,374.0,374.0,374.0,374.0,375.0,A,V,C,375.0,VAL,A,P35505,375.0,V,V,C,V,C
257,257,258,258,376.0,376.0,376.0,376.0,377.0,A,Q,C,377.0,GLN,A,P35505,377.0,Q,Q,C,Q,C
258,258,259,259,377.0,377.0,377.0,377.0,378.0,A,G,C,378.0,GLY,A,P35505,378.0,G,G,C,G,C
259,259,260,260,378.0,378.0,378.0,378.0,379.0,A,Q,C,379.0,GLN,A,P35505,379.0,Q,Q,C,Q,C
260,260,261,261,379.0,379.0,379.0,379.0,380.0,A,T,E,380.0,THR,A,P35505,380.0,T,T,E,T,E
261,261,262,262,380.0,380.0,380.0,380.0,381.0,A,R,E,381.0,ARG,A,P35505,381.0,R,R,E,R,E
262,262,263,263,381.0,381.0,381.0,381.0,382.0,A,T,C,382.0,THR,A,P35505,382.0,T,T,C,T,C
263,263,264,264,382.0,382.0,382.0,382.0,383.0,A,F,C,383.0,PHE,A,P35505,383.0,F,F,C,F,C
264,264,265,265,383.0,383.0,383.0,383.0,384.0,A,L,C,384.0,LEU,A,P35505,384.0,L,L,C,L,C
265,265,266,266,384.0,384.0,384.0,384.0,385.0,A,L,C,385.0,LEU,A,P35505,385.0,L,L,C,L,C
266,266,267,267,385.0,385.0,385.0,385.0,386.0,A,D,C,386.0,ASP,A,P35505,386.0,D,D,C,D,C
267,267,268,268,386.0,386.0,386.0,386.0,387.0,A,G,C,387.0,GLY,A,P35505,387.0,G,G,C,G,C
268,268,269,269,387.0,387.0,387.0,387.0,388.0,A,D,C,388.0,ASP,A,P35505,388.0,D,D,C,D,C
269,269,270,270,388.0,388.0,388.0,388.0,389.0,A,E,E,389.0,GLU,A,P35505,389.0,E,E,E,E,E
270,270,271,271,389.0,389.0,389.0,389.0,390.0,A,V,E,390.0,VAL,A,P35505,390.0,V,V,E,V,E
271,271,272,272,390.0,390.0,390.0,390.0,391.0,A,I,E,391.0,ILE,A,P35505,391.0,I,I,E,I,E
272,272,273,273,391.0,391.0,391.0,391.0,392.0,A,I,E,392.0,ILE,A,P35505,392.0,I,I,E,I,E
273,273,274,274,392.0,392.0,392.0,392.0,393.0,A,T,E,393.0,THR,A,P35505,393.0,T,T,E,T,E
274,274,275,275,393.0,393.0,393.0,393.0,394.0,A,G,E,394.0,GLY,A,P35505,394.0,G,G,E,G,E
275,275,276,276,394.0,394.0,394.0,394.0,395.0,A,H,E,395.0,HIS,A,P35505,395.0,H,H,E,H,E
276,276,277,277,395.0,395.0,395.0,395.0,396.0,A,C,E,396.0,CYS,A,P35505,396.0,C,C,E,C,E
277,277,278,278,396.0,396.0,396.0,396.0,397.0,A,Q,E,397.0,GLN,A,P35505,397.0,Q,Q,E,Q,E
278,278,279,279,397.0,397.0,397.0,397.0,398.0,A,G,C,398.0,GLY,A,P35505,398.0,G,G,C,G,C
279,279,280,280,398.0,398.0,398.0,398.0,399.0,A,D,C,399.0,ASP,A,P35505,399.0,D,D,C,D,C
280,280,281,281,399.0,399.0,399.0,399.0,400.0,A,G,C,400.0,GLY,A,P35505,400.0,G,G,C,G,C
281,281,282,282,400.0,400.0,400.0,400.0,401.0,A,Y,C,401.0,TYR,A,P35505,401.0,Y,Y,C,Y,C
282,282,283,283,401.0,401.0,401.0,401.0,402.0,A,R,E,402.0,ARG,A,P35505,402.0,R,R,E,R,E
283,283,284,284,402.0,402.0,402.0,402.0,403.0,A,V,E,403.0,VAL,A,P35505,403.0,V,V,E,V,E
284,284,285,285,403.0,403.0,403.0,403.0,404.0,A,G,E,404.0,GLY,A,P35505,404.0,G,G,E,G,E
285,285,286,286,404.0,404.0,404.0,404.0,405.0,A,F,E,405.0,PHE,A,P35505,405.0,F,F,E,F,E
286,286,287,287,405.0,405.0,405.0,405.0,406.0,A,G,E,406.0,GLY,A,P35505,406.0,G,G,E,G,E
287,287,288,288,406.0,406.0,406.0,406.0,407.0,A,Q,E,407.0,GLN,A,P35505,407.0,Q,Q,E,Q,E
288,288,289,289,407.0,407.0,407.0,407.0,408.0,A,C,E,408.0,CYS,A,P35505,408.0,C,C,E,C,E
289,289,290,290,408.0,408.0,408.0,408.0,409.0,A,A,E,409.0,ALA,A,P35505,409.0,A,A,E,A,E
290,290,291,291,409.0,409.0,409.0,409.0,410.0,A,G,E,410.0,GLY,A,P35505,410.0,G,G,E,G,E
291,291,292,292,410.0,410.0,410.0,410.0,411.0,A,K,E,411.0,LYS,A,P35505,411.0,K,K,E,K,E
292,292,293,293,411.0,411.0,411.0,411.0,412.0,A,V,E,412.0,VAL,A,P35505,412.0,V,V,E,V,E
293,293,294,294,412.0,412.0,412.0,412.0,413.0,A,L,E,413.0,LEU,A,P35505,413.0,L,L,E,L,E
294,294,295,295,413.0,413.0,413.0,413.0,414.0,A,P,C,414.0,PRO,A,P35505,414.0,P,P,C,P,C
295,295,296,296,414.0,414.0,414.0,414.0,415.0,A,A,C,415.0,ALA,A,P35505,415.0,A,A,C,A,C
296,296,297,297,415.0,415.0,415.0,415.0,416.0,A,L,C,416.0,LEU,A,P35505,416.0,L,L,C,L,C
