,Unnamed: 0.3,Unnamed: 0.2,Unnamed: 0.1,Unnamed: 0,RES,CHAIN,AA,SS_CLASS,PDB_dbResNum,PDB_dbResName,PDB_dbChainId,UniProt_dbAccessionId,UniProt_dbResNum,UniProt_dbResName,shifted Uni,AF_predictions,Jpred_seq,Jpred_SS_pred
0,0,0,0,0,26.0,A,P,C,26.0,PRO,A,P0ACB0,27.0,P,P,C,P,C
1,1,1,1,1,27.0,A,P,C,27.0,PRO,A,P0ACB0,28.0,P,P,C,P,C
2,2,2,2,2,28.0,A,H,C,28.0,HIS,A,P0ACB0,29.0,H,H,C,H,C
3,3,3,3,3,29.0,A,S,H,29.0,SER,A,P0ACB0,30.0,S,S,C,S,H
4,4,4,4,4,30.0,A,I,H,30.0,ILE,A,P0ACB0,31.0,I,I,H,I,H
5,5,5,5,5,31.0,A,E,H,31.0,GLU,A,P0ACB0,32.0,E,E,H,E,H
6,6,6,6,6,32.0,A,A,H,32.0,ALA,A,P0ACB0,33.0,A,A,H,A,H
7,7,7,7,7,33.0,A,E,H,33.0,GLU,A,P0ACB0,34.0,E,E,H,E,H
8,8,8,8,8,34.0,A,Q,H,34.0,GLN,A,P0ACB0,35.0,Q,Q,H,Q,H
9,9,9,9,9,35.0,A,S,H,35.0,SER,A,P0ACB0,36.0,S,S,H,S,H
10,10,10,10,10,36.0,A,V,H,36.0,VAL,A,P0ACB0,37.0,V,V,H,V,H
11,11,11,11,11,37.0,A,L,H,37.0,LEU,A,P0ACB0,38.0,L,L,H,L,H
12,12,12,12,12,38.0,A,G,H,38.0,GLY,A,P0ACB0,39.0,G,G,H,G,H
13,13,13,13,13,39.0,A,G,H,39.0,GLY,A,P0ACB0,40.0,G,G,H,G,H
14,14,14,14,14,40.0,A,L,H,40.0,LEU,A,P0ACB0,41.0,L,L,H,L,H
15,15,15,15,15,41.0,A,M,H,41.0,MET,A,P0ACB0,42.0,M,M,H,M,H
16,16,16,16,16,42.0,A,L,H,42.0,LEU,A,P0ACB0,43.0,L,L,H,L,H
17,17,17,17,17,43.0,A,D,C,43.0,ASP,A,P0ACB0,44.0,D,D,C,D,C
18,18,18,18,18,44.0,A,N,C,44.0,ASN,A,P0ACB0,45.0,N,N,C,N,C
19,19,19,19,19,45.0,A,E,C,45.0,GLU,A,P0ACB0,46.0,E,E,C,E,C
20,20,20,20,20,46.0,A,R,C,46.0,ARG,A,P0ACB0,47.0,R,R,C,R,C
21,21,21,21,21,47.0,A,W,H,47.0,TRP,A,P0ACB0,48.0,W,W,H,W,H
22,22,22,22,22,48.0,A,D,H,48.0,ASP,A,P0ACB0,49.0,D,D,H,D,H
23,23,23,23,23,49.0,A,D,H,49.0,ASP,A,P0ACB0,50.0,D,D,H,D,H
24,24,24,24,24,50.0,A,V,H,50.0,VAL,A,P0ACB0,51.0,V,V,H,V,H
25,25,25,25,25,51.0,A,A,H,51.0,ALA,A,P0ACB0,52.0,A,A,H,A,H
26,26,26,26,26,52.0,A,E,C,52.0,GLU,A,P0ACB0,53.0,E,E,C,E,C
27,27,27,27,27,53.0,A,R,C,53.0,ARG,A,P0ACB0,54.0,R,R,C,R,C
28,28,28,28,28,54.0,A,V,C,54.0,VAL,A,P0ACB0,55.0,V,V,C,V,C
29,29,29,29,29,55.0,A,V,C,55.0,VAL,A,P0ACB0,56.0,V,V,C,V,C
30,30,30,30,30,56.0,A,A,C,56.0,ALA,A,P0ACB0,57.0,A,A,C,A,C
31,31,31,31,31,57.0,A,D,C,57.0,ASP,A,P0ACB0,58.0,D,D,C,D,C
32,32,32,32,32,58.0,A,D,C,58.0,ASP,A,P0ACB0,59.0,D,D,C,D,C
33,33,33,33,33,59.0,A,F,C,59.0,PHE,A,P0ACB0,60.0,F,F,C,F,C
34,34,34,34,34,60.0,A,Y,C,60.0,TYR,A,P0ACB0,61.0,Y,Y,C,Y,C
35,35,35,35,35,61.0,A,T,C,61.0,THR,A,P0ACB0,62.0,T,T,C,T,C
36,36,36,36,36,62.0,A,R,H,62.0,ARG,A,P0ACB0,63.0,R,R,H,R,H
37,37,37,37,37,63.0,A,P,H,63.0,PRO,A,P0ACB0,64.0,P,P,H,P,H
38,38,38,38,38,64.0,A,H,H,64.0,HIS,A,P0ACB0,65.0,H,H,H,H,H
39,39,39,39,39,65.0,A,R,H,65.0,ARG,A,P0ACB0,66.0,R,R,H,R,H
40,40,40,40,40,66.0,A,H,H,66.0,HIS,A,P0ACB0,67.0,H,H,H,H,H
41,41,41,41,41,67.0,A,I,H,67.0,ILE,A,P0ACB0,68.0,I,I,H,I,H
42,42,42,42,42,68.0,A,F,H,68.0,PHE,A,P0ACB0,69.0,F,F,H,F,H
43,43,43,43,43,69.0,A,T,H,69.0,THR,A,P0ACB0,70.0,T,T,H,T,H
44,44,44,44,44,70.0,A,E,H,70.0,GLU,A,P0ACB0,71.0,E,E,H,E,H
45,45,45,45,45,71.0,A,M,H,71.0,MET,A,P0ACB0,72.0,M,M,H,M,H
46,46,46,46,46,72.0,A,A,H,72.0,ALA,A,P0ACB0,73.0,A,A,H,A,H
47,47,47,47,47,73.0,A,R,H,73.0,ARG,A,P0ACB0,74.0,R,R,H,R,H
48,48,48,48,48,74.0,A,L,H,74.0,LEU,A,P0ACB0,75.0,L,L,H,L,H
49,49,49,49,49,75.0,A,Q,H,75.0,GLN,A,P0ACB0,76.0,Q,Q,H,Q,H
50,50,50,50,50,76.0,A,E,H,76.0,GLU,A,P0ACB0,77.0,E,E,H,E,H
51,51,51,51,51,77.0,A,S,C,77.0,SER,A,P0ACB0,78.0,S,S,C,S,C
52,52,52,52,52,78.0,A,G,C,78.0,GLY,A,P0ACB0,79.0,G,G,C,G,C
53,53,53,53,53,79.0,A,S,C,79.0,SER,A,P0ACB0,80.0,S,S,C,S,C
54,54,54,54,54,80.0,A,P,C,80.0,PRO,A,P0ACB0,81.0,P,P,C,P,C
55,55,55,55,55,81.0,A,I,C,81.0,ILE,A,P0ACB0,82.0,I,I,C,I,C
56,56,56,56,56,82.0,A,D,C,82.0,ASP,A,P0ACB0,83.0,D,D,C,D,C
57,57,57,57,57,83.0,A,L,H,83.0,LEU,A,P0ACB0,84.0,L,L,H,L,H
58,58,58,58,58,84.0,A,I,H,84.0,ILE,A,P0ACB0,85.0,I,I,H,I,H
59,59,59,59,59,85.0,A,T,H,85.0,THR,A,P0ACB0,86.0,T,T,H,T,H
60,60,60,60,60,86.0,A,L,H,86.0,LEU,A,P0ACB0,87.0,L,L,H,L,H
61,61,61,61,61,87.0,A,A,H,87.0,ALA,A,P0ACB0,88.0,A,A,H,A,H
62,62,62,62,62,88.0,A,E,H,88.0,GLU,A,P0ACB0,89.0,E,E,H,E,H
63,63,63,63,63,89.0,A,S,H,89.0,SER,A,P0ACB0,90.0,S,S,H,S,H
64,64,64,64,64,90.0,A,L,H,90.0,LEU,A,P0ACB0,91.0,L,L,H,L,H
65,65,65,65,65,91.0,A,E,H,91.0,GLU,A,P0ACB0,92.0,E,E,H,E,H
66,66,66,66,66,92.0,A,R,C,92.0,ARG,A,P0ACB0,93.0,R,R,H,R,C
67,67,67,67,67,93.0,A,Q,C,93.0,GLN,A,P0ACB0,94.0,Q,Q,C,Q,C
68,68,68,68,68,94.0,A,G,C,94.0,GLY,A,P0ACB0,95.0,G,G,C,G,C
69,69,69,69,69,95.0,A,Q,C,95.0,GLN,A,P0ACB0,96.0,Q,Q,C,Q,C
70,70,70,70,70,96.0,A,L,H,96.0,LEU,A,P0ACB0,97.0,L,L,C,L,H
71,71,71,71,71,97.0,A,D,H,97.0,ASP,A,P0ACB0,98.0,D,D,C,D,H
72,72,72,72,72,98.0,A,S,H,98.0,SER,A,P0ACB0,99.0,S,S,C,S,H
73,73,73,73,73,99.0,A,V,H,99.0,VAL,A,P0ACB0,100.0,V,V,C,V,H
74,74,74,74,74,100.0,A,G,C,100.0,GLY,A,P0ACB0,101.0,G,G,C,G,C
75,75,75,75,75,101.0,A,G,H,101.0,GLY,A,P0ACB0,102.0,G,G,H,G,H
76,76,76,76,76,102.0,A,F,H,102.0,PHE,A,P0ACB0,103.0,F,F,H,F,H
77,77,77,77,77,103.0,A,A,H,103.0,ALA,A,P0ACB0,104.0,A,A,H,A,H
78,78,78,78,78,104.0,A,Y,H,104.0,TYR,A,P0ACB0,105.0,Y,Y,H,Y,H
79,79,79,79,79,105.0,A,L,H,105.0,LEU,A,P0ACB0,106.0,L,L,H,L,H
80,80,80,80,80,106.0,A,A,H,106.0,ALA,A,P0ACB0,107.0,A,A,H,A,H
81,81,81,81,81,107.0,A,E,H,107.0,GLU,A,P0ACB0,108.0,E,E,H,E,H
82,82,82,82,82,108.0,A,L,H,108.0,LEU,A,P0ACB0,109.0,L,L,H,L,H
83,83,83,83,83,109.0,A,S,H,109.0,SER,A,P0ACB0,110.0,S,S,H,S,H
84,84,84,84,84,110.0,A,K,H,110.0,LYS,A,P0ACB0,111.0,K,K,H,K,H
85,85,85,85,85,111.0,A,N,H,111.0,ASN,A,P0ACB0,112.0,N,N,H,N,H
86,86,86,86,86,112.0,A,T,C,112.0,THR,A,P0ACB0,113.0,T,T,C,T,C
87,87,87,87,87,113.0,A,P,C,113.0,PRO,A,P0ACB0,114.0,P,P,C,P,C
88,88,88,88,88,114.0,A,S,C,114.0,SER,A,P0ACB0,115.0,S,S,C,S,C
89,89,89,89,89,115.0,A,A,C,115.0,ALA,A,P0ACB0,116.0,A,A,C,A,C
90,90,90,90,90,116.0,A,A,C,116.0,ALA,A,P0ACB0,117.0,A,A,C,A,C
91,91,91,91,91,117.0,A,N,C,117.0,ASN,A,P0ACB0,118.0,N,N,C,N,C
92,92,92,92,92,118.0,A,I,H,118.0,ILE,A,P0ACB0,119.0,I,I,H,I,H
93,93,93,93,93,119.0,A,S,H,119.0,SER,A,P0ACB0,120.0,S,S,H,S,H
94,94,94,94,94,120.0,A,A,H,120.0,ALA,A,P0ACB0,121.0,A,A,H,A,H
95,95,95,95,95,121.0,A,Y,H,121.0,TYR,A,P0ACB0,122.0,Y,Y,H,Y,H
96,96,96,96,96,122.0,A,A,H,122.0,ALA,A,P0ACB0,123.0,A,A,H,A,H
97,97,97,97,97,123.0,A,D,H,123.0,ASP,A,P0ACB0,124.0,D,D,H,D,H
98,98,98,98,98,124.0,A,I,H,124.0,ILE,A,P0ACB0,125.0,I,I,H,I,H
99,99,99,99,99,125.0,A,V,H,125.0,VAL,A,P0ACB0,126.0,V,V,H,V,H
100,100,100,100,100,126.0,A,R,H,126.0,ARG,A,P0ACB0,127.0,R,R,H,R,H
101,101,101,101,101,127.0,A,E,C,127.0,GLU,A,P0ACB0,128.0,E,E,H,E,C
