,AA,SS_CLASS
3wu2_18,MMSEGGRIPLWIVATVAGMGVIVIVGLFFYGAYAGLGSSL,CCCCCCCCCHHHHHHHHHHHHHHHHHHHHHHHCCCCCCCC
