,Unnamed: 0.4,Unnamed: 0.3,Unnamed: 0.2,Unnamed: 0.1,Unnamed: 0,RES,CHAIN,AA,SS_CLASS,PDB_dbResNum,PDB_dbResName,PDB_dbChainId,UniProt_dbAccessionId,UniProt_dbResNum,UniProt_dbResName,shifted Uni,AF_predictions,Jpred_seq,Jpred_SS_pred
0,0,0,0,0,0,1.0,A,M,C,1.0,MET,A,Q56308,1.0,N,M,C,N,C
1,1,1,1,1,1,2.0,A,R,H,2.0,ARG,A,Q56308,2.0,L,R,H,L,H
2,2,2,2,2,2,3.0,A,E,H,3.0,GLU,A,Q56308,3.0,L,E,H,L,H
3,3,3,3,3,3,4.0,A,K,H,4.0,LYS,A,Q56308,4.0,E,K,H,E,H
4,4,4,4,4,4,5.0,A,L,H,5.0,LEU,A,Q56308,5.0,R,L,H,R,H
5,5,5,5,5,5,6.0,A,F,H,6.0,PHE,A,Q56308,6.0,N,F,H,N,H
6,6,6,6,6,6,7.0,A,W,H,7.0,TRP,A,Q56308,7.0,R,W,H,R,H
7,7,7,7,7,7,8.0,A,I,H,8.0,ILE,A,Q56308,8.0,K,I,H,K,C
8,8,8,8,8,8,9.0,A,L,H,9.0,LEU,A,Q56308,9.0,L,L,H,L,C
9,9,9,9,9,9,10.0,A,K,H,10.0,LYS,A,Q56308,10.0,L,K,H,L,C
10,10,10,10,10,10,11.0,A,K,H,11.0,LYS,A,Q56308,11.0,R,K,H,R,C
11,11,11,11,11,11,12.0,A,Y,C,12.0,TYR,A,Q56308,12.0,E,Y,C,E,C
12,12,12,12,12,12,13.0,A,G,C,13.0,GLY,A,Q56308,13.0,F,G,C,F,C
13,13,13,13,13,13,14.0,A,V,C,14.0,VAL,A,Q56308,14.0,P,V,C,P,C
14,14,14,14,14,14,15.0,A,S,C,15.0,SER,A,Q56308,15.0,F,S,C,F,E
15,15,15,15,15,15,16.0,A,D,H,16.0,ASP,A,Q56308,16.0,N,D,H,N,E
16,16,16,16,16,16,17.0,A,H,H,17.0,HIS,A,Q56308,17.0,R,H,H,R,E
17,17,17,17,17,17,18.0,A,I,H,18.0,ILE,A,Q56308,18.0,E,I,H,E,E
18,18,18,18,18,18,19.0,A,A,H,19.0,ALA,A,Q56308,19.0,I,A,H,I,E
19,19,19,19,19,19,20.0,A,K,H,20.0,LYS,A,Q56308,20.0,L,K,H,L,E
20,20,20,20,20,20,21.0,A,A,H,21.0,ALA,A,Q56308,21.0,L,A,H,L,C
21,21,21,21,21,21,22.0,A,F,H,22.0,PHE,A,Q56308,22.0,V,F,H,V,C
22,22,22,22,22,22,23.0,A,L,H,23.0,LEU,A,Q56308,23.0,R,L,H,R,C
23,23,23,23,23,23,24.0,A,E,H,24.0,GLU,A,Q56308,24.0,S,E,H,S,H
24,24,24,24,24,24,25.0,A,I,C,25.0,ILE,A,Q56308,25.0,H,I,C,H,H
25,25,25,25,25,25,26.0,A,P,C,26.0,PRO,A,Q56308,26.0,I,P,C,I,H
26,26,26,26,26,26,27.0,A,R,C,27.0,ARG,A,Q56308,27.0,F,R,C,F,H
27,27,27,27,27,27,28.0,A,E,C,28.0,GLU,A,Q56308,28.0,V,E,C,V,H
28,28,28,28,28,28,29.0,A,E,C,29.0,GLU,A,Q56308,29.0,E,E,C,E,H
29,29,29,29,29,29,30.0,A,F,C,30.0,PHE,A,Q56308,30.0,L,F,C,L,H
30,30,30,30,30,30,31.0,A,L,C,31.0,LEU,A,Q56308,31.0,V,L,C,V,H
31,31,31,31,31,31,32.0,A,T,C,32.0,THR,A,Q56308,32.0,D,T,C,D,H
32,32,32,32,32,32,33.0,A,K,C,33.0,LYS,A,Q56308,33.0,L,K,C,L,H
33,33,33,33,33,33,34.0,A,S,C,34.0,SER,A,Q56308,34.0,L,S,C,L,H
34,34,34,34,34,34,35.0,A,Y,C,35.0,TYR,A,Q56308,35.0,T,Y,C,T,H
35,35,35,35,35,35,36.0,A,P,C,36.0,PRO,A,Q56308,36.0,R,P,C,R,C
36,36,36,36,36,36,37.0,A,L,H,37.0,LEU,A,Q56308,37.0,R,L,H,R,C
37,37,37,37,37,37,38.0,A,S,H,38.0,SER,A,Q56308,38.0,L,S,H,L,E
38,38,38,38,38,38,39.0,A,Y,H,39.0,TYR,A,Q56308,39.0,T,Y,H,T,E
39,39,39,39,39,39,40.0,A,V,H,40.0,VAL,A,Q56308,40.0,E,V,H,E,E
40,40,40,40,40,40,41.0,A,Y,C,41.0,TYR,A,Q56308,41.0,I,Y,C,I,E
41,41,41,41,41,41,42.0,A,E,C,42.0,GLU,A,Q56308,42.0,D,E,C,D,C
42,42,42,42,42,42,43.0,A,D,C,43.0,ASP,A,Q56308,43.0,G,D,C,G,C
43,43,43,43,43,43,44.0,A,I,C,44.0,ILE,A,Q56308,44.0,T,I,C,T,E
44,44,44,44,44,44,45.0,A,V,C,45.0,VAL,A,Q56308,45.0,F,V,C,F,E
45,45,45,45,45,45,46.0,A,L,E,46.0,LEU,A,Q56308,46.0,Y,L,E,Y,E
46,46,46,46,46,46,47.0,A,V,E,47.0,VAL,A,Q56308,47.0,Y,V,E,Y,E
47,47,47,47,47,47,48.0,A,S,E,48.0,SER,A,Q56308,48.0,A,S,E,A,E
48,48,48,48,48,48,49.0,A,Y,E,49.0,TYR,A,Q56308,49.0,G,Y,E,G,C
49,49,49,49,49,49,50.0,A,D,E,50.0,ASP,A,Q56308,50.0,P,D,E,P,C
50,50,50,50,50,50,51.0,A,D,C,51.0,ASP,A,Q56308,51.0,N,D,C,N,C
51,51,51,51,51,51,52.0,A,G,C,52.0,GLY,A,Q56308,52.0,G,G,C,G,E
52,52,52,52,52,52,53.0,A,E,C,53.0,GLU,A,Q56308,53.0,V,E,C,V,E
53,53,53,53,53,53,54.0,A,E,C,54.0,GLU,A,Q56308,54.0,V,E,C,V,E
54,54,54,54,54,54,55.0,A,Y,E,55.0,TYR,A,Q56308,55.0,E,Y,E,E,E
55,55,55,55,55,55,56.0,A,S,E,56.0,SER,A,Q56308,56.0,F,S,E,F,E
56,56,56,56,56,56,57.0,A,T,E,57.0,THR,A,Q56308,57.0,L,T,E,L,E
57,57,57,57,57,57,58.0,A,S,E,58.0,SER,A,Q56308,58.0,D,S,E,D,C
58,58,58,58,58,58,59.0,A,S,C,59.0,SER,A,Q56308,59.0,D,S,C,D,C
59,59,59,59,59,59,60.0,A,Q,C,60.0,GLN,A,Q56308,60.0,R,Q,C,R,E
60,60,60,60,60,60,61.0,A,P,H,61.0,PRO,A,Q56308,61.0,M,P,H,M,E
61,61,61,61,61,61,62.0,A,S,H,62.0,SER,A,Q56308,62.0,R,S,H,R,E
62,62,62,62,62,62,63.0,A,L,H,63.0,LEU,A,Q56308,63.0,I,L,H,I,E
63,63,63,63,63,63,64.0,A,M,H,64.0,MET,A,Q56308,64.0,Y,M,H,Y,E
64,64,64,64,64,64,65.0,A,A,H,65.0,ALA,A,Q56308,65.0,G,A,H,G,E
65,65,65,65,65,65,66.0,A,L,H,66.0,LEU,A,Q56308,66.0,D,L,H,D,C
66,66,66,66,66,66,67.0,A,F,H,67.0,PHE,A,Q56308,67.0,A,F,H,A,C
67,67,67,67,67,67,68.0,A,M,H,68.0,MET,A,Q56308,68.0,P,M,H,P,H
68,68,68,68,68,68,69.0,A,E,H,69.0,GLU,A,Q56308,69.0,E,E,H,E,H
69,69,69,69,69,69,70.0,A,W,H,70.0,TRP,A,Q56308,70.0,I,W,H,I,H
70,70,70,70,70,70,71.0,A,V,C,71.0,VAL,A,Q56308,71.0,E,V,C,E,H
71,71,71,71,71,71,72.0,A,G,C,72.0,GLY,A,Q56308,72.0,N,G,C,N,H
72,72,72,72,72,72,73.0,A,L,C,73.0,LEU,A,Q56308,73.0,L,L,C,L,H
73,73,73,73,73,73,74.0,A,D,C,74.0,ASP,A,Q56308,74.0,L,D,C,L,H
74,74,74,74,74,74,75.0,A,K,C,75.0,LYS,A,Q56308,75.0,T,K,C,T,H
75,75,75,75,75,75,76.0,A,G,C,76.0,GLY,A,Q56308,76.0,Q,G,C,Q,H
76,76,76,76,76,76,77.0,A,M,C,77.0,MET,A,Q56308,77.0,W,M,C,W,H
77,77,77,77,77,77,78.0,A,R,E,78.0,ARG,A,Q56308,78.0,E,R,E,E,H
78,78,78,78,78,78,79.0,A,V,E,79.0,VAL,A,Q56308,79.0,S,V,E,S,H
79,79,79,79,79,79,80.0,A,L,E,80.0,LEU,A,Q56308,80.0,C,L,E,C,C
80,80,80,80,80,80,81.0,A,E,E,81.0,GLU,A,Q56308,81.0,G,E,E,G,C
81,81,81,81,81,81,82.0,A,I,E,82.0,ILE,A,Q56308,82.0,Y,I,E,Y,C
82,82,82,82,82,82,83.0,A,G,C,83.0,GLY,A,Q56308,83.0,R,G,C,R,C
83,83,83,83,83,83,84.0,A,G,C,84.0,GLY,A,Q56308,84.0,S,G,C,S,C
84,84,84,84,84,84,85.0,A,G,C,85.0,GLY,A,Q56308,85.0,F,G,C,F,C
85,85,85,85,85,85,86.0,A,T,C,86.0,THR,A,Q56308,86.0,E,T,C,E,C
86,86,86,86,86,86,87.0,A,G,C,87.0,GLY,A,Q56308,87.0,Y,G,C,Y,C
87,87,87,87,87,87,88.0,A,Y,H,88.0,TYR,A,Q56308,88.0,L,Y,H,L,C
88,88,88,88,88,88,89.0,A,N,H,89.0,ASN,A,Q56308,89.0,M,N,H,M,E
89,89,89,89,89,89,90.0,A,A,H,90.0,ALA,A,Q56308,90.0,L,A,H,L,E
90,90,90,90,90,90,91.0,A,A,H,91.0,ALA,A,Q56308,91.0,H,A,H,H,E
91,91,91,91,91,91,92.0,A,V,H,92.0,VAL,A,Q56308,92.0,V,V,H,V,E
92,92,92,92,92,92,93.0,A,M,H,93.0,MET,A,Q56308,93.0,G,M,H,G,E
93,93,93,93,93,93,94.0,A,S,H,94.0,SER,A,Q56308,94.0,Y,S,H,Y,C
94,94,94,94,94,94,95.0,A,R,H,95.0,ARG,A,Q56308,95.0,N,R,H,N,C
95,95,95,95,95,95,96.0,A,V,H,96.0,VAL,A,Q56308,96.0,A,V,H,A,C
96,96,96,96,96,96,97.0,A,V,H,97.0,VAL,A,Q56308,97.0,F,V,H,F,C
97,97,97,97,97,97,98.0,A,G,C,98.0,GLY,A,Q56308,98.0,S,G,C,S,C
98,98,98,98,98,98,99.0,A,E,C,99.0,GLU,A,Q56308,99.0,H,E,C,H,E
99,99,99,99,99,99,100.0,A,K,C,100.0,LYS,A,Q56308,100.0,I,K,C,I,E
100,100,100,100,100,100,101.0,A,G,C,101.0,GLY,A,Q56308,101.0,S,G,C,S,E
101,101,101,101,101,101,102.0,A,L,E,102.0,LEU,A,Q56308,102.0,C,L,E,C,C
102,102,102,102,102,102,103.0,A,V,E,103.0,VAL,A,Q56308,103.0,S,V,E,S,C
103,103,103,103,103,103,104.0,A,V,E,104.0,VAL,A,Q56308,104.0,,V,E,I,C
