,Unnamed: 0.4,Unnamed: 0.3,Unnamed: 0.2,Unnamed: 0.1,Unnamed: 0,RES,CHAIN,AA,SS_CLASS,PDB_dbResNum,PDB_dbResName,PDB_dbChainId,UniProt_dbAccessionId,UniProt_dbResNum,UniProt_dbResName,shifted Uni,AF_predictions,Jpred_seq,Jpred_SS_pred
0,0,0,0,2513,2513,3.0,C,E,C,3.0,GLU,C,P16370,3.0,,A,C,K,C
1,1,1,1,2514,2514,4.0,C,E,C,4.0,GLU,C,P16370,4.0,,P,C,A,C
2,2,2,2,2515,2515,5.0,C,G,C,5.0,GLY,C,P16370,5.0,,D,C,I,C
3,3,3,3,2516,2516,6.0,C,P,C,6.0,PRO,C,P16370,6.0,,R,C,P,C
4,4,4,4,2517,2517,7.0,C,Q,C,7.0,GLN,C,P16370,7.0,,F,C,K,C
5,5,5,5,2518,2518,8.0,C,V,C,8.0,VAL,C,P16370,8.0,,E,C,D,C
6,6,6,6,2519,2519,9.0,C,K,C,9.0,LYS,C,P16370,9.0,,L,C,Q,C
7,7,7,7,2520,2520,10.0,C,I,C,10.0,ILE,C,P16370,10.0,,F,C,R,C
8,8,8,8,2521,2521,11.0,C,R,C,11.0,ARG,C,P16370,11.0,,L,C,A,C
9,9,9,9,2522,2522,12.0,C,E,C,12.0,GLU,C,P16370,12.0,,L,C,T,C
10,10,10,10,2523,2523,13.0,C,A,C,13.0,ALA,C,P16370,13.0,,G,C,T,C
11,11,11,11,2524,2524,14.0,C,S,C,14.0,SER,C,P16370,14.0,,E,C,P,C
12,12,12,12,2525,2525,15.0,C,K,C,15.0,LYS,C,P16370,15.0,,G,C,Y,E
13,13,13,13,2526,2526,16.0,C,D,C,16.0,ASP,C,P16370,16.0,,E,C,M,C
14,14,14,14,2527,2527,17.0,C,N,E,17.0,ASN,C,P16370,17.0,,S,C,T,C
15,15,15,15,2528,2528,18.0,C,V,E,18.0,VAL,C,P16370,18.0,,K,C,K,H
16,16,16,16,2529,2529,19.0,C,D,C,19.0,ASP,C,P16370,19.0,,L,E,Y,H
17,17,17,17,2530,2530,20.0,C,F,C,20.0,PHE,C,P16370,20.0,,K,E,E,H
18,18,18,18,2531,2531,21.0,C,I,E,21.0,ILE,C,P16370,21.0,,I,E,R,H
19,19,19,19,2532,2532,22.0,C,L,E,22.0,LEU,C,P16370,22.0,,D,E,A,H
20,20,20,20,2533,2533,23.0,C,S,C,23.0,SER,C,P16370,23.0,,P,E,R,H
21,21,21,21,2534,2534,24.0,C,N,C,24.0,ASN,C,P16370,24.0,,D,C,I,H
22,22,22,22,2535,2535,25.0,C,V,C,25.0,VAL,C,P16370,25.0,,T,C,L,H
23,23,23,23,2536,2536,26.0,C,D,C,26.0,ASP,C,P16370,26.0,,K,C,G,H
24,24,24,24,2537,2537,27.0,C,L,H,27.0,LEU,C,P16370,27.0,,A,C,T,H
25,25,25,25,2538,2538,28.0,C,A,H,28.0,ALA,C,P16370,28.0,,P,C,R,H
26,26,26,26,2539,2539,29.0,C,M,H,29.0,MET,C,P16370,29.0,,N,C,A,H
27,27,27,27,2540,2540,30.0,C,A,H,30.0,ALA,C,P16370,30.0,,A,E,L,H
28,28,28,28,2541,2541,31.0,C,N,H,31.0,ASN,C,P16370,31.0,,V,E,Q,H
29,29,29,29,2542,2542,32.0,C,S,H,32.0,SER,C,P16370,32.0,,V,E,I,H
30,30,30,30,2543,2543,33.0,C,L,H,33.0,LEU,C,P16370,33.0,,I,E,S,H
31,31,31,31,2544,2544,34.0,C,R,H,34.0,ARG,C,P16370,34.0,,T,E,M,C
32,32,32,32,2545,2545,35.0,C,R,H,35.0,ARG,C,P16370,35.0,,F,E,N,C
33,33,33,33,2546,2546,36.0,C,V,H,36.0,VAL,C,P16370,36.0,,E,E,A,C
34,34,34,34,2547,2547,37.0,C,M,H,37.0,MET,C,P16370,37.0,,K,C,P,C
35,35,35,35,2548,2548,38.0,C,I,H,38.0,ILE,C,P16370,38.0,,E,C,V,C
36,36,36,36,2549,2549,39.0,C,A,H,39.0,ALA,C,P16370,39.0,,D,C,F,C
37,37,37,37,2550,2550,40.0,C,E,C,40.0,GLU,C,P16370,40.0,,H,H,V,C
38,38,38,38,2551,2551,41.0,C,I,C,41.0,ILE,C,P16370,41.0,,T,H,D,C
39,39,39,39,2552,2552,42.0,C,P,C,42.0,PRO,C,P16370,42.0,,L,H,L,C
40,40,40,40,2553,2553,43.0,C,T,E,43.0,THR,C,P16370,43.0,,G,H,E,C
41,41,41,41,2554,2554,44.0,C,L,E,44.0,LEU,C,P16370,44.0,,N,H,G,C
42,42,42,42,2555,2555,45.0,C,A,E,45.0,ALA,C,P16370,45.0,,L,H,E,C
43,43,43,43,2556,2556,46.0,C,I,E,46.0,ILE,C,P16370,46.0,,I,H,T,C
44,44,44,44,2557,2557,47.0,C,D,E,47.0,ASP,C,P16370,47.0,,R,H,D,C
45,45,45,45,2558,2558,48.0,C,S,E,48.0,SER,C,P16370,48.0,,A,H,P,H
46,46,46,46,2559,2559,49.0,C,V,E,49.0,VAL,C,P16370,49.0,,E,H,L,H
47,47,47,47,2560,2560,50.0,C,E,E,50.0,GLU,C,P16370,50.0,,L,H,R,H
48,48,48,48,2561,2561,51.0,C,V,E,51.0,VAL,C,P16370,51.0,,L,C,I,H
49,49,49,49,2562,2562,52.0,C,E,E,52.0,GLU,C,P16370,52.0,,N,C,A,H
50,50,50,50,2563,2563,53.0,C,T,E,53.0,THR,C,P16370,53.0,,D,C,M,H
51,51,51,51,2564,2564,54.0,C,N,E,54.0,ASN,C,P16370,54.0,,R,C,K,H
52,52,52,52,2565,2565,55.0,C,T,C,55.0,THR,C,P16370,55.0,,K,C,E,H
53,53,53,53,2566,2566,56.0,C,T,C,56.0,THR,C,P16370,56.0,,V,E,L,H
54,54,54,54,2567,2567,57.0,C,V,C,57.0,VAL,C,P16370,57.0,,L,E,A,H
55,55,55,55,2568,2568,58.0,C,L,C,58.0,LEU,C,P16370,58.0,,F,E,E,C
56,56,56,56,2569,2569,59.0,C,A,C,59.0,ALA,C,P16370,59.0,,A,E,K,C
57,57,57,57,2570,2570,60.0,C,D,H,60.0,ASP,C,P16370,60.0,,A,E,K,C
58,58,58,58,2571,2571,61.0,C,E,H,61.0,GLU,C,P16370,61.0,,Y,E,I,C
59,59,59,59,2572,2572,62.0,C,F,H,62.0,PHE,C,P16370,62.0,,K,E,P,C
60,60,60,60,2573,2573,63.0,C,I,H,63.0,ILE,C,P16370,63.0,,V,E,L,E
61,61,61,61,2574,2574,64.0,C,A,H,64.0,ALA,C,P16370,64.0,,E,C,V,E
62,62,62,62,2575,2575,65.0,C,H,H,65.0,HIS,C,P16370,65.0,,H,C,I,E
63,63,63,63,2576,2576,66.0,C,R,H,66.0,ARG,C,P16370,66.0,,P,C,R,E
64,64,64,64,2577,2577,67.0,C,L,H,67.0,LEU,C,P16370,67.0,,F,C,R,E
65,65,65,65,2578,2578,68.0,C,G,H,68.0,GLY,C,P16370,68.0,,F,C,Y,E
66,66,66,66,2579,2579,69.0,C,L,C,69.0,LEU,C,P16370,69.0,,A,C,L,C
67,67,67,67,2580,2580,70.0,C,I,C,70.0,ILE,C,P16370,70.0,,R,E,P,C
68,68,68,68,2581,2581,71.0,C,P,C,71.0,PRO,C,P16370,71.0,,F,E,D,C
69,69,69,69,2582,2582,72.0,C,L,E,72.0,LEU,C,P16370,72.0,,K,E,G,C
70,70,70,70,2583,2583,73.0,C,Q,E,73.0,GLN,C,P16370,73.0,,L,E,S,C
71,71,71,71,2584,2584,74.0,C,S,E,74.0,SER,C,P16370,74.0,,R,E,F,E
72,72,72,72,2585,2585,75.0,C,M,C,75.0,MET,C,P16370,75.0,,I,E,E,E
73,73,73,73,2586,2586,76.0,C,D,C,76.0,ASP,C,P16370,76.0,,Q,E,D,E
74,74,74,74,2587,2587,77.0,C,I,C,77.0,ILE,C,P16370,77.0,,T,E,W,E
75,75,75,75,2588,2588,78.0,C,E,C,78.0,GLU,C,P16370,78.0,,T,C,S,E
76,76,76,76,2589,2589,79.0,C,Q,C,79.0,GLN,C,P16370,79.0,,E,C,V,C
77,77,77,77,2590,2590,80.0,C,L,C,80.0,LEU,C,P16370,80.0,,G,C,E,C
78,78,78,78,2591,2591,81.0,C,E,C,81.0,GLU,C,P16370,81.0,,Y,C,E,C
79,79,79,79,2592,2592,82.0,C,Y,C,82.0,TYR,C,P16370,82.0,,D,C,L,C
80,80,80,80,2593,2593,83.0,C,S,C,83.0,SER,C,P16370,83.0,,P,H,I,E
81,81,81,81,2594,2594,84.0,C,R,C,84.0,ARG,C,P16370,84.0,,K,H,V,C
82,82,82,82,2595,2595,85.0,C,D,C,85.0,ASP,C,P16370,85.0,,D,H,D,C
83,83,83,83,2596,2596,86.0,C,C,C,86.0,CYS,C,P16370,86.0,,A,H,L,C
