,1320
0,8
1,9
2,8
3,8
4,7
5,7
6,7
7,7
8,7
9,6
10,6
11,6
12,6
13,6
14,3
15,4
16,7
17,7
18,4
19,4
20,7
21,8
22,6
23,3
24,6
25,8
26,9
27,9
28,9
29,9
30,9
31,9
32,9
33,8
34,8
35,1
36,2
37,1
38,4
39,3
40,2
41,0
42,4
43,2
44,4
45,7
46,6
47,3
48,3
49,6
50,7
51,6
52,3
53,7
54,8
55,9
56,9
57,9
58,9
59,9
60,9
61,9
62,9
63,8
64,7
65,5
66,2
67,7
68,8
69,6
70,3
71,6
72,7
73,6
74,4
75,2
76,7
77,8
78,8
79,7
80,6
81,2
82,0
83,6
84,4
85,3
86,6
87,8
88,9
89,9
90,9
91,9
92,9
93,9
94,8
95,6
96,2
97,6
98,8
99,6
100,4
101,8
102,7
103,4
104,4
105,7
106,7
107,5
108,2
109,5
110,6
111,4
112,6
113,8
114,9
115,9
116,9
117,9
118,9
119,9
120,9
121,9
122,8
123,7
124,5
125,3
126,8
127,8
128,6
129,4
130,6
131,4
132,4
133,4
134,2
135,1
136,5
137,7
138,7
139,7
140,7
141,7
142,7
143,7
144,6
145,2
146,7
147,8
148,9
149,9
150,9
151,9
152,9
153,9
154,9
155,9
156,8
157,7
158,4
159,3
160,7
161,8
162,4
163,6
164,8
165,8
166,6
167,0
168,0
169,6
170,6
171,6
172,6
173,6
174,6
175,5
176,1
177,2
178,1
179,5
180,7
181,7
182,7
183,4
184,1
185,2
186,8
187,8
188,9
189,9
190,9
191,9
192,8
193,6
194,2
195,4
196,7
197,8
198,8
199,8
200,6
201,0
202,1
203,0
204,1
205,1
206,6
207,6
208,1
209,8
210,9
211,9
212,9
213,9
214,9
215,9
216,9
217,8
218,5
219,1
220,6
221,7
222,7
223,6
224,5
225,6
226,7
227,7
228,7
229,7
230,5
231,2
232,6
233,7
234,8
235,8
236,7
237,7
238,7
239,5
240,2
241,3
242,6
243,7
244,2
245,2
246,3
247,8
248,8
249,9
250,9
