,Unnamed: 0.2,Unnamed: 0.1,Unnamed: 0,RES,CHAIN,AA,SS_CLASS,PDB_dbResNum,PDB_dbResName,PDB_dbChainId,UniProt_dbAccessionId,UniProt_dbResNum,UniProt_dbResName,shifted Uni,AF_predictions,AF_confidence,Jpred_seq,Jpred_SS_pred,JP_Confidence
0,0,0,0,8.0,A,S,C,8.0,SER,A,P0A881,8.0,S,S,C,42.96,S,C,9.0
1,1,1,1,9.0,A,A,H,9.0,ALA,A,P0A881,9.0,A,A,H,50.51,A,C,9.0
2,2,2,2,10.0,A,A,H,10.0,ALA,A,P0A881,10.0,A,A,H,50.51,A,C,8.0
3,3,3,3,11.0,A,M,H,11.0,MET,A,P0A881,11.0,M,M,H,50.51,M,C,8.0
4,4,4,4,12.0,A,A,H,12.0,ALA,A,P0A881,12.0,A,A,H,50.51,A,C,8.0
5,5,5,5,13.0,A,E,H,13.0,GLU,A,P0A881,13.0,E,E,H,50.51,E,C,8.0
6,6,6,6,14.0,A,Q,H,14.0,GLN,A,P0A881,14.0,Q,Q,H,50.35,Q,C,7.0
7,7,7,7,15.0,A,R,H,15.0,ARG,A,P0A881,15.0,R,R,H,50.35,R,C,7.0
8,8,8,8,16.0,A,H,H,16.0,HIS,A,P0A881,16.0,H,H,H,50.35,H,H,0.0
9,9,9,9,17.0,A,Q,H,17.0,GLN,A,P0A881,17.0,Q,Q,H,50.35,Q,H,3.0
10,10,10,10,18.0,A,E,H,18.0,GLU,A,P0A881,18.0,E,E,H,50.35,E,H,4.0
11,11,11,11,19.0,A,W,H,19.0,TRP,A,P0A881,19.0,W,W,H,50.35,W,H,7.0
12,12,12,12,20.0,A,L,H,20.0,LEU,A,P0A881,20.0,L,L,H,50.35,L,H,9.0
13,13,13,13,21.0,A,R,H,21.0,ARG,A,P0A881,21.0,R,R,H,50.35,R,H,9.0
14,14,14,14,22.0,A,F,H,22.0,PHE,A,P0A881,22.0,F,F,H,50.35,F,H,9.0
15,15,15,15,23.0,A,V,H,23.0,VAL,A,P0A881,23.0,V,V,H,52.83,V,H,9.0
16,16,16,16,24.0,A,D,H,24.0,ASP,A,P0A881,24.0,D,D,H,52.83,D,H,9.0
17,17,17,17,25.0,A,L,H,25.0,LEU,A,P0A881,25.0,L,L,H,52.83,L,H,9.0
18,18,18,18,26.0,A,L,H,26.0,LEU,A,P0A881,26.0,L,L,H,52.83,L,H,9.0
19,19,19,19,27.0,A,K,H,27.0,LYS,A,P0A881,27.0,K,K,H,52.83,K,H,8.0
20,20,20,20,28.0,A,N,H,28.0,ASN,A,P0A881,28.0,N,N,H,52.83,N,H,5.0
21,21,21,21,29.0,A,A,H,29.0,ALA,A,P0A881,29.0,A,A,H,52.83,A,C,1.0
22,22,22,22,30.0,A,Y,H,30.0,TYR,A,P0A881,30.0,Y,Y,H,52.83,Y,C,6.0
23,23,23,23,31.0,A,Q,H,31.0,GLN,A,P0A881,31.0,Q,Q,H,52.83,Q,C,7.0
24,24,24,24,32.0,A,N,C,32.0,ASN,A,P0A881,32.0,N,N,C,61.23,N,H,6.0
25,25,25,25,33.0,A,D,C,33.0,ASP,A,P0A881,33.0,D,D,C,61.23,D,H,8.0
26,26,26,26,34.0,A,L,C,34.0,LEU,A,P0A881,34.0,L,L,C,61.23,L,H,9.0
27,27,27,27,35.0,A,H,H,35.0,HIS,A,P0A881,35.0,H,H,H,61.23,H,H,9.0
28,28,28,28,36.0,A,L,H,36.0,LEU,A,P0A881,36.0,L,L,H,61.23,L,H,9.0
29,29,29,29,37.0,A,P,H,37.0,PRO,A,P0A881,37.0,P,P,H,61.23,P,H,9.0
30,30,30,30,38.0,A,L,H,38.0,LEU,A,P0A881,38.0,L,L,H,62.05,L,H,9.0
31,31,31,31,39.0,A,L,H,39.0,LEU,A,P0A881,39.0,L,L,H,62.05,L,H,7.0
32,32,32,32,40.0,A,N,H,40.0,ASN,A,P0A881,40.0,N,N,H,62.05,N,H,5.0
33,33,33,33,41.0,A,L,H,41.0,LEU,A,P0A881,41.0,L,L,H,62.05,L,H,2.0
34,34,34,34,42.0,A,M,H,42.0,MET,A,P0A881,42.0,M,M,H,62.05,M,C,1.0
35,35,35,35,43.0,A,L,C,43.0,LEU,A,P0A881,43.0,L,L,C,62.05,L,C,7.0
36,36,36,36,44.0,A,T,C,44.0,THR,A,P0A881,44.0,T,T,C,62.05,T,C,6.0
37,37,37,37,45.0,A,P,H,45.0,PRO,A,P0A881,45.0,P,P,H,73.08,P,H,6.0
38,38,38,38,46.0,A,D,H,46.0,ASP,A,P0A881,46.0,D,D,H,73.08,D,H,8.0
39,39,39,39,47.0,A,E,H,47.0,GLU,A,P0A881,47.0,E,E,H,73.08,E,H,9.0
40,40,40,40,48.0,A,R,H,48.0,ARG,A,P0A881,48.0,R,R,H,73.08,R,H,9.0
41,41,41,41,49.0,A,E,H,49.0,GLU,A,P0A881,49.0,E,E,H,73.08,E,H,9.0
42,42,42,42,50.0,A,A,H,50.0,ALA,A,P0A881,50.0,A,A,H,73.08,A,H,9.0
43,43,43,43,51.0,A,L,H,51.0,LEU,A,P0A881,51.0,L,L,H,73.08,L,H,9.0
44,44,44,44,52.0,A,G,H,52.0,GLY,A,P0A881,52.0,G,G,H,73.08,G,H,9.0
45,45,45,45,53.0,A,T,H,53.0,THR,A,P0A881,53.0,T,T,H,73.08,T,H,9.0
46,46,46,46,54.0,A,R,H,54.0,ARG,A,P0A881,54.0,R,R,H,73.08,R,H,9.0
47,47,47,47,55.0,A,V,H,55.0,VAL,A,P0A881,55.0,V,V,H,73.08,V,H,9.0
48,48,48,48,56.0,A,R,H,56.0,ARG,A,P0A881,56.0,R,R,H,73.08,R,H,9.0
49,49,49,49,57.0,A,I,H,57.0,ILE,A,P0A881,57.0,I,I,H,86.0,I,H,9.0
50,50,50,50,58.0,A,I,H,58.0,ILE,A,P0A881,58.0,V,V,H,86.0,I,H,9.0
51,51,51,51,59.0,A,E,H,59.0,GLU,A,P0A881,59.0,E,E,H,86.0,E,H,9.0
52,52,52,52,60.0,A,E,H,60.0,GLU,A,P0A881,60.0,E,E,H,86.0,E,H,9.0
53,53,53,53,61.0,A,L,H,61.0,LEU,A,P0A881,61.0,L,L,H,86.0,L,H,8.0
54,54,54,54,62.0,A,L,H,62.0,LEU,A,P0A881,62.0,L,L,H,86.0,L,H,6.0
55,55,55,55,63.0,A,R,H,63.0,ARG,A,P0A881,63.0,R,R,H,90.69,R,H,0.0
56,56,56,56,64.0,A,G,C,64.0,GLY,A,P0A881,64.0,G,G,C,90.69,G,C,6.0
57,57,57,57,65.0,A,E,C,65.0,GLU,A,P0A881,65.0,E,E,C,90.69,E,C,8.0
58,58,58,58,66.0,A,M,C,66.0,MET,A,P0A881,66.0,M,M,C,90.69,M,C,8.0
59,59,59,59,67.0,A,S,C,67.0,SER,A,P0A881,67.0,S,S,C,90.69,S,C,5.0
60,60,60,60,68.0,A,Q,H,68.0,GLN,A,P0A881,68.0,Q,Q,H,91.16,Q,H,6.0
61,61,61,61,69.0,A,R,H,69.0,ARG,A,P0A881,69.0,R,R,H,91.16,R,H,8.0
62,62,62,62,70.0,A,E,H,70.0,GLU,A,P0A881,70.0,E,E,H,91.16,E,H,8.0
63,63,63,63,71.0,A,L,H,71.0,LEU,A,P0A881,71.0,L,L,H,91.16,L,H,8.0
64,64,64,64,72.0,A,K,H,72.0,LYS,A,P0A881,72.0,K,K,H,91.16,K,H,8.0
65,65,65,65,73.0,A,N,H,73.0,ASN,A,P0A881,73.0,N,N,H,90.7,N,H,8.0
66,66,66,66,74.0,A,E,H,74.0,GLU,A,P0A881,74.0,E,E,H,90.7,E,H,6.0
67,67,67,67,75.0,A,L,H,75.0,LEU,A,P0A881,75.0,L,L,H,90.7,L,H,2.0
68,68,68,68,76.0,A,G,C,76.0,GLY,A,P0A881,76.0,G,G,C,90.7,G,C,6.0
69,69,69,69,77.0,A,A,C,77.0,ALA,A,P0A881,77.0,A,A,C,90.7,A,C,8.0
70,70,70,70,78.0,A,G,C,78.0,GLY,A,P0A881,78.0,G,G,C,90.7,G,C,1.0
71,71,71,71,79.0,A,I,H,79.0,ILE,A,P0A881,79.0,I,I,H,90.7,I,C,0.0
72,72,72,72,80.0,A,A,H,80.0,ALA,A,P0A881,80.0,A,A,H,90.7,A,E,1.0
73,73,73,73,81.0,A,T,H,81.0,THR,A,P0A881,81.0,T,T,H,92.06,T,H,1.0
74,74,74,74,82.0,A,I,H,82.0,ILE,A,P0A881,82.0,I,I,H,92.06,I,H,2.0
75,75,75,75,83.0,A,T,H,83.0,THR,A,P0A881,83.0,T,T,H,92.06,T,H,1.0
76,76,76,76,84.0,A,R,H,84.0,ARG,A,P0A881,84.0,R,R,H,92.06,R,H,6.0
77,77,77,77,85.0,A,G,H,85.0,GLY,A,P0A881,85.0,G,G,H,92.06,G,H,7.0
78,78,78,78,86.0,A,S,H,86.0,SER,A,P0A881,86.0,S,S,H,94.17,S,H,7.0
79,79,79,79,87.0,A,N,H,87.0,ASN,A,P0A881,87.0,N,N,H,94.17,N,H,7.0
80,80,80,80,88.0,A,S,H,88.0,SER,A,P0A881,88.0,S,S,H,94.17,S,H,6.0
81,81,81,81,89.0,A,L,H,89.0,LEU,A,P0A881,89.0,L,L,H,94.17,L,H,4.0
82,82,82,82,90.0,A,K,H,90.0,LYS,A,P0A881,90.0,K,K,H,94.17,K,C,3.0
83,83,83,83,91.0,A,A,H,91.0,ALA,A,P0A881,91.0,A,A,H,94.17,A,C,7.0
84,84,84,84,92.0,A,A,C,92.0,ALA,A,P0A881,92.0,A,A,C,94.17,A,C,8.0
85,85,85,85,93.0,A,P,C,93.0,PRO,A,P0A881,93.0,P,P,C,94.17,P,C,6.0
86,86,86,86,94.0,A,V,H,94.0,VAL,A,P0A881,94.0,V,V,H,94.17,V,H,6.0
87,87,87,87,95.0,A,E,H,95.0,GLU,A,P0A881,95.0,E,E,H,94.62,E,H,8.0
88,88,88,88,96.0,A,L,H,96.0,LEU,A,P0A881,96.0,L,L,H,94.62,L,H,9.0
89,89,89,89,97.0,A,R,H,97.0,ARG,A,P0A881,97.0,R,R,H,94.62,R,H,9.0
90,90,90,90,98.0,A,Q,H,98.0,GLN,A,P0A881,98.0,Q,Q,H,94.62,Q,H,9.0
91,91,91,91,99.0,A,W,H,99.0,TRP,A,P0A881,99.0,W,W,H,94.62,W,H,9.0
92,92,92,92,100.0,A,L,H,100.0,LEU,A,P0A881,100.0,L,L,H,94.62,L,H,9.0
93,93,93,93,101.0,A,E,H,101.0,GLU,A,P0A881,101.0,E,E,H,94.62,E,H,9.0
94,94,94,94,102.0,A,E,H,102.0,GLU,A,P0A881,102.0,E,E,H,94.62,E,H,8.0
95,95,95,95,103.0,A,V,H,103.0,VAL,A,P0A881,103.0,V,V,H,94.62,V,H,5.0
96,96,96,96,104.0,A,L,H,104.0,LEU,A,P0A881,104.0,L,L,H,93.67,L,C,1.0
97,97,97,97,105.0,A,L,C,105.0,LEU,A,P0A881,105.0,L,L,H,93.67,L,C,6.0
98,98,98,98,106.0,A,K,C,106.0,LYS,A,P0A881,106.0,K,K,C,93.67,K,C,8.0
99,99,99,99,107.0,A,S,C,107.0,SER,A,P0A881,107.0,S,S,C,93.67,S,C,9.0
100,100,100,100,108.0,A,D,C,108.0,ASP,A,P0A881,108.0,D,,,,D,C,9.0
