,Unnamed: 0.2,Unnamed: 0.1,Unnamed: 0,RES,CHAIN,AA,SS_CLASS,PDB_dbResNum,PDB_dbResName,PDB_dbChainId,UniProt_dbAccessionId,UniProt_dbResNum,UniProt_dbResName,shifted Uni,AF_predictions,AF_confidence,Jpred_seq,Jpred_SS_pred,JP_Confidence
0,0,866,866,15.0,C,N,C,15.0,ASN,C,P00157,15.0,N,L,C,38.57,L,C,9.0
1,1,867,867,16.0,C,N,C,16.0,ASN,C,P00157,16.0,N,S,C,38.57,V,C,9.0
2,2,868,868,17.0,C,A,C,17.0,ALA,C,P00157,17.0,A,A,C,37.44,D,C,9.0
3,3,869,869,18.0,C,F,C,18.0,PHE,C,P00157,18.0,F,T,C,37.44,P,C,7.0
4,4,870,870,19.0,C,I,C,19.0,ILE,C,P00157,19.0,I,S,C,37.44,L,C,2.0
5,5,871,871,20.0,C,D,C,20.0,ASP,C,P00157,20.0,D,R,C,37.44,T,H,7.0
6,6,872,872,21.0,C,L,C,21.0,LEU,C,P00157,21.0,L,G,C,37.44,T,H,8.0
7,7,873,873,22.0,C,P,E,22.0,PRO,C,P00157,22.0,P,V,C,37.44,V,H,9.0
8,8,874,874,23.0,C,A,E,23.0,ALA,C,P00157,23.0,A,A,C,41.67,R,H,9.0
9,9,875,875,24.0,C,P,E,24.0,PRO,C,P00157,24.0,P,G,C,41.67,E,H,9.0
10,10,876,876,25.0,C,S,C,25.0,SER,C,P00157,25.0,S,A,C,41.67,Q,H,8.0
11,11,877,877,26.0,C,N,C,26.0,ASN,C,P00157,26.0,N,L,C,41.67,C,H,7.0
12,12,878,878,27.0,C,I,C,27.0,ILE,C,P00157,27.0,I,R,C,41.67,E,H,1.0
13,13,879,879,28.0,C,S,C,28.0,SER,C,P00157,28.0,S,P,C,41.67,Q,C,3.0
14,14,880,880,29.0,C,S,C,29.0,SER,C,P00157,29.0,S,L,C,41.67,L,C,8.0
15,15,881,881,30.0,C,W,C,30.0,TRP,C,P00157,30.0,W,V,C,42.46,E,C,8.0
16,16,882,882,31.0,C,W,C,31.0,TRP,C,P00157,31.0,W,Q,C,42.46,K,C,7.0
17,17,883,883,32.0,C,N,C,32.0,ASN,C,P00157,32.0,N,A,C,42.46,C,C,2.0
18,18,884,884,33.0,C,F,H,33.0,PHE,C,P00157,33.0,F,A,C,42.46,V,H,7.0
19,19,885,885,34.0,C,G,H,34.0,GLY,C,P00157,34.0,G,V,C,42.46,K,H,9.0
20,20,886,886,35.0,C,S,H,35.0,SER,C,P00157,35.0,S,P,C,46.0,A,H,9.0
21,21,887,887,36.0,C,L,H,36.0,LEU,C,P00157,36.0,L,A,C,46.0,R,H,9.0
22,22,888,888,37.0,C,L,H,37.0,LEU,C,P00157,37.0,L,T,C,46.0,E,H,9.0
23,23,889,889,38.0,C,G,H,38.0,GLY,C,P00157,38.0,G,S,C,46.0,R,H,9.0
24,24,890,890,39.0,C,I,H,39.0,ILE,C,P00157,39.0,I,E,C,46.0,L,H,9.0
25,25,891,891,40.0,C,C,H,40.0,CYS,C,P00157,40.0,C,S,C,36.4,E,H,9.0
26,26,892,892,41.0,C,L,H,41.0,LEU,C,P00157,41.0,L,P,C,36.4,L,H,9.0
27,27,893,893,42.0,C,I,H,42.0,ILE,C,P00157,42.0,I,V,C,36.4,C,H,9.0
28,28,894,894,43.0,C,L,H,43.0,LEU,C,P00157,43.0,L,L,C,36.4,D,H,9.0
29,29,895,895,44.0,C,Q,H,44.0,GLN,C,P00157,44.0,Q,D,C,36.4,E,H,9.0
30,30,896,896,45.0,C,I,H,45.0,ILE,C,P00157,45.0,I,L,C,36.4,R,H,8.0
31,31,897,897,46.0,C,L,H,46.0,LEU,C,P00157,46.0,L,K,C,36.4,V,H,6.0
32,32,898,898,47.0,C,T,H,47.0,THR,C,P00157,47.0,T,R,C,36.4,S,H,2.0
33,33,899,899,48.0,C,G,H,48.0,GLY,C,P00157,48.0,G,S,C,36.4,S,C,4.0
34,34,900,900,49.0,C,L,H,49.0,LEU,C,P00157,49.0,L,V,C,36.4,R,C,7.0
35,35,901,901,50.0,C,F,H,50.0,PHE,C,P00157,50.0,F,L,C,36.4,S,C,8.0
36,36,902,902,51.0,C,L,H,51.0,LEU,C,P00157,51.0,L,C,C,43.12,Q,C,8.0
37,37,903,903,52.0,C,A,H,52.0,ALA,C,P00157,52.0,A,R,C,43.12,T,C,8.0
38,38,904,904,53.0,C,M,C,53.0,MET,C,P00157,53.0,M,E,C,43.12,E,C,7.0
39,39,905,905,54.0,C,H,C,54.0,HIS,C,P00157,54.0,H,S,C,43.12,E,C,6.0
40,40,906,906,55.0,C,Y,C,55.0,TYR,C,P00157,55.0,Y,L,C,43.12,D,C,4.0
41,41,907,907,56.0,C,T,C,56.0,THR,C,P00157,56.0,T,R,C,43.12,C,C,2.0
42,42,908,908,57.0,C,S,C,57.0,SER,C,P00157,57.0,S,G,C,65.09,T,H,6.0
43,43,909,909,58.0,C,D,C,58.0,ASP,C,P00157,58.0,D,Q,C,65.09,E,H,8.0
44,44,910,910,59.0,C,T,C,59.0,THR,C,P00157,59.0,T,A,C,65.09,E,H,9.0
45,45,911,911,60.0,C,T,C,60.0,THR,C,P00157,60.0,T,A,C,65.09,L,H,9.0
46,46,912,912,61.0,C,T,C,61.0,THR,C,P00157,61.0,T,G,C,53.49,L,H,9.0
47,47,913,913,62.0,C,A,H,62.0,ALA,C,P00157,62.0,A,R,C,53.49,D,H,9.0
48,48,914,914,63.0,C,F,H,63.0,PHE,C,P00157,63.0,F,P,C,53.49,F,H,9.0
49,49,915,915,64.0,C,S,H,64.0,SER,C,P00157,64.0,S,L,C,53.49,L,H,9.0
50,50,916,916,65.0,C,S,H,65.0,SER,C,P00157,65.0,S,V,C,53.49,H,H,9.0
51,51,917,917,66.0,C,V,H,66.0,VAL,C,P00157,66.0,V,A,C,53.49,A,H,9.0
52,52,918,918,67.0,C,T,H,67.0,THR,C,P00157,67.0,T,S,C,53.49,R,H,8.0
53,53,919,919,68.0,C,H,H,68.0,HIS,C,P00157,68.0,H,V,C,48.54,D,H,6.0
54,54,920,920,69.0,C,I,H,69.0,ILE,C,P00157,69.0,I,S,C,48.54,H,H,1.0
55,55,921,921,70.0,C,C,H,70.0,CYS,C,P00157,70.0,C,L,C,48.54,C,H,3.0
56,56,922,922,71.0,C,R,H,71.0,ARG,C,P00157,71.0,R,N,C,48.54,V,H,4.0
57,57,923,923,72.0,C,D,H,72.0,ASP,C,P00157,72.0,D,V,C,48.54,A,H,2.0
58,58,924,924,73.0,C,V,C,73.0,VAL,C,P00157,73.0,V,P,C,48.54,H,H,2.0
59,59,925,925,74.0,C,N,C,74.0,ASN,C,P00157,74.0,N,A,C,48.54,K,H,7.0
60,60,926,926,75.0,C,Y,C,75.0,TYR,C,P00157,75.0,Y,S,C,48.54,L,H,7.0
61,61,927,927,76.0,C,G,H,76.0,GLY,C,P00157,76.0,G,V,C,48.54,F,H,5.0
62,62,928,928,77.0,C,W,H,77.0,TRP,C,P00157,77.0,W,R,C,48.54,N,H,0.0
63,63,929,929,78.0,C,I,H,78.0,ILE,C,P00157,78.0,I,Y,C,48.54,S,C,6.0
64,64,930,930,79.0,C,I,H,79.0,ILE,C,P00157,79.0,I,S,C,52.4,L,C,9.0
65,65,931,931,80.0,C,R,H,80.0,ARG,C,P00157,80.0,R,H,C,52.4,K,C,9.0
66,66,932,932,81.0,C,Y,H,81.0,TYR,C,P00157,81.0,Y,T,C,52.4,,,
67,67,933,933,82.0,C,M,H,82.0,MET,C,P00157,82.0,M,D,C,52.4,,,
68,68,934,934,83.0,C,H,H,83.0,HIS,C,P00157,83.0,H,I,C,52.4,,,
69,69,935,935,84.0,C,A,H,84.0,ALA,C,P00157,84.0,A,K,C,49.82,,,
70,70,936,936,85.0,C,N,H,85.0,ASN,C,P00157,85.0,N,V,C,49.82,,,
71,71,937,937,86.0,C,G,H,86.0,GLY,C,P00157,86.0,G,P,C,49.82,,,
72,72,938,938,87.0,C,A,H,87.0,ALA,C,P00157,87.0,A,D,C,49.82,,,
73,73,939,939,88.0,C,S,H,88.0,SER,C,P00157,88.0,S,F,C,49.82,,,
74,74,940,940,89.0,C,M,H,89.0,MET,C,P00157,89.0,M,S,C,49.82,,,
75,75,941,941,90.0,C,F,H,90.0,PHE,C,P00157,90.0,F,D,C,49.82,,,
76,76,942,942,91.0,C,F,H,91.0,PHE,C,P00157,91.0,F,Y,C,52.63,,,
77,77,943,943,92.0,C,I,H,92.0,ILE,C,P00157,92.0,I,R,C,52.63,,,
78,78,944,944,93.0,C,C,H,93.0,CYS,C,P00157,93.0,C,R,C,52.63,,,
79,79,945,945,94.0,C,L,H,94.0,LEU,C,P00157,94.0,L,P,C,52.63,,,
80,80,946,946,95.0,C,Y,H,95.0,TYR,C,P00157,95.0,Y,E,C,52.63,,,
81,81,947,947,96.0,C,M,H,96.0,MET,C,P00157,96.0,M,V,C,52.63,,,
82,82,948,948,97.0,C,H,H,97.0,HIS,C,P00157,97.0,H,L,C,52.63,,,
83,83,949,949,98.0,C,V,H,98.0,VAL,C,P00157,98.0,V,D,C,40.75,,,
84,84,950,950,99.0,C,G,H,99.0,GLY,C,P00157,99.0,G,S,C,40.75,,,
85,85,951,951,100.0,C,R,H,100.0,ARG,C,P00157,100.0,R,T,C,40.75,,,
86,86,952,952,101.0,C,G,H,101.0,GLY,C,P00157,101.0,G,K,C,40.75,,,
87,87,953,953,102.0,C,L,H,102.0,LEU,C,P00157,102.0,L,S,C,40.75,,,
88,88,954,954,103.0,C,Y,H,103.0,TYR,C,P00157,103.0,Y,S,C,40.75,,,
89,89,955,955,104.0,C,Y,H,104.0,TYR,C,P00157,104.0,Y,K,C,40.75,,,
90,90,956,956,105.0,C,G,C,105.0,GLY,C,P00157,105.0,G,E,C,40.75,,,
91,91,957,957,106.0,C,S,C,106.0,SER,C,P00157,106.0,S,S,C,45.27,,,
92,92,958,958,107.0,C,Y,C,107.0,TYR,C,P00157,107.0,Y,S,H,45.27,,,
93,93,959,959,108.0,C,T,C,108.0,THR,C,P00157,108.0,T,E,H,45.27,,,
94,94,960,960,109.0,C,F,C,109.0,PHE,C,P00157,109.0,F,A,H,45.27,,,
95,95,961,961,110.0,C,L,H,110.0,LEU,C,P00157,110.0,L,R,H,45.27,,,
96,96,962,962,111.0,C,E,H,111.0,GLU,C,P00157,111.0,E,K,H,45.27,,,
97,97,963,963,112.0,C,T,H,112.0,THR,C,P00157,112.0,T,G,H,44.83,,,
98,98,964,964,113.0,C,W,H,113.0,TRP,C,P00157,113.0,W,F,H,44.83,,,
99,99,965,965,114.0,C,N,H,114.0,ASN,C,P00157,114.0,N,S,H,44.83,,,
100,100,966,966,115.0,C,I,H,115.0,ILE,C,P00157,115.0,I,Y,H,44.83,,,
101,101,967,967,116.0,C,G,H,116.0,GLY,C,P00157,116.0,G,L,H,44.83,,,
102,102,968,968,117.0,C,V,H,117.0,VAL,C,P00157,117.0,V,V,H,44.61,,,
103,103,969,969,118.0,C,I,H,118.0,ILE,C,P00157,118.0,I,T,H,44.61,,,
104,104,970,970,119.0,C,L,H,119.0,LEU,C,P00157,119.0,L,A,H,44.61,,,
105,105,971,971,120.0,C,L,H,120.0,LEU,C,P00157,120.0,L,T,H,44.61,,,
106,106,972,972,121.0,C,L,H,121.0,LEU,C,P00157,121.0,L,T,H,44.61,,,
107,107,973,973,122.0,C,T,H,122.0,THR,C,P00157,122.0,T,T,H,44.61,,,
108,108,974,974,123.0,C,V,H,123.0,VAL,C,P00157,123.0,V,V,H,44.61,,,
109,109,975,975,124.0,C,M,H,124.0,MET,C,P00157,124.0,M,G,H,45.96,,,
110,110,976,976,125.0,C,A,H,125.0,ALA,C,P00157,125.0,A,V,H,45.96,,,
111,111,977,977,126.0,C,T,H,126.0,THR,C,P00157,126.0,T,A,H,45.96,,,
112,112,978,978,127.0,C,A,H,127.0,ALA,C,P00157,127.0,A,Y,H,45.96,,,
113,113,979,979,128.0,C,F,H,128.0,PHE,C,P00157,128.0,F,A,H,45.96,,,
114,114,980,980,129.0,C,M,H,129.0,MET,C,P00157,129.0,M,A,H,45.96,,,
115,115,981,981,130.0,C,G,H,130.0,GLY,C,P00157,130.0,G,K,H,38.68,,,
116,116,982,982,131.0,C,Y,H,131.0,TYR,C,P00157,131.0,Y,N,H,38.68,,,
117,117,983,983,132.0,C,V,H,132.0,VAL,C,P00157,132.0,V,V,H,38.68,,,
118,118,984,984,133.0,C,L,C,133.0,LEU,C,P00157,133.0,L,V,H,38.68,,,
119,119,985,985,134.0,C,P,C,134.0,PRO,C,P00157,134.0,P,S,H,38.68,,,
120,120,986,986,135.0,C,W,C,135.0,TRP,C,P00157,135.0,W,Q,H,38.68,,,
121,121,987,987,136.0,C,G,C,136.0,GLY,C,P00157,136.0,G,F,H,38.68,,,
122,122,988,988,137.0,C,Q,H,137.0,GLN,C,P00157,137.0,Q,V,H,38.68,,,
123,123,989,989,138.0,C,M,H,138.0,MET,C,P00157,138.0,M,S,H,38.68,,,
124,124,990,990,139.0,C,S,H,139.0,SER,C,P00157,139.0,S,S,H,38.68,,,
125,125,991,991,140.0,C,F,H,140.0,PHE,C,P00157,140.0,F,M,C,38.68,,,
126,126,992,992,141.0,C,W,H,141.0,TRP,C,P00157,141.0,W,S,C,42.58,,,
127,127,993,993,142.0,C,G,H,142.0,GLY,C,P00157,142.0,G,A,C,42.58,,,
128,128,994,994,143.0,C,A,H,143.0,ALA,C,P00157,143.0,A,S,C,42.58,,,
129,129,995,995,144.0,C,T,H,144.0,THR,C,P00157,144.0,T,A,H,42.58,,,
130,130,996,996,145.0,C,V,H,145.0,VAL,C,P00157,145.0,V,D,H,45.66,,,
131,131,997,997,146.0,C,I,H,146.0,ILE,C,P00157,146.0,I,V,H,45.66,,,
132,132,998,998,147.0,C,T,H,147.0,THR,C,P00157,147.0,T,L,H,45.66,,,
133,133,999,999,148.0,C,N,C,148.0,ASN,C,P00157,148.0,N,A,H,45.66,,,
134,134,1000,1000,149.0,C,L,C,149.0,LEU,C,P00157,149.0,L,M,C,45.66,,,
135,135,1001,1001,150.0,C,L,C,150.0,LEU,C,P00157,150.0,L,S,C,45.66,,,
136,136,1002,1002,151.0,C,S,C,151.0,SER,C,P00157,151.0,S,K,C,45.66,,,
137,137,1003,1003,152.0,C,A,C,152.0,ALA,C,P00157,152.0,A,I,E,42.42,,,
138,138,1004,1004,153.0,C,I,C,153.0,ILE,C,P00157,153.0,I,E,E,42.42,,,
139,139,1005,1005,154.0,C,P,C,154.0,PRO,C,P00157,154.0,P,I,E,42.42,,,
140,140,1006,1006,155.0,C,Y,C,155.0,TYR,C,P00157,155.0,Y,K,E,42.42,,,
141,141,1007,1007,156.0,C,I,C,156.0,ILE,C,P00157,156.0,I,L,C,42.42,,,
142,142,1008,1008,157.0,C,G,H,157.0,GLY,C,P00157,157.0,G,S,C,47.7,,,
143,143,1009,1009,158.0,C,T,H,158.0,THR,C,P00157,158.0,T,D,C,47.7,,,
144,144,1010,1010,159.0,C,N,H,159.0,ASN,C,P00157,159.0,N,I,C,47.7,,,
145,145,1011,1011,160.0,C,L,H,160.0,LEU,C,P00157,160.0,L,P,C,47.7,,,
146,146,1012,1012,161.0,C,V,H,161.0,VAL,C,P00157,161.0,V,E,C,41.83,,,
147,147,1013,1013,162.0,C,E,H,162.0,GLU,C,P00157,162.0,E,G,C,41.83,,,
148,148,1014,1014,163.0,C,W,H,163.0,TRP,C,P00157,163.0,W,K,C,41.83,,,
149,149,1015,1015,164.0,C,I,H,164.0,ILE,C,P00157,164.0,I,N,E,41.83,,,
150,150,1016,1016,165.0,C,W,H,165.0,TRP,C,P00157,165.0,W,M,E,41.83,,,
151,151,1017,1017,166.0,C,G,C,166.0,GLY,C,P00157,166.0,G,A,E,45.53,,,
152,152,1018,1018,167.0,C,G,C,167.0,GLY,C,P00157,167.0,G,F,E,45.53,,,
153,153,1019,1019,168.0,C,F,C,168.0,PHE,C,P00157,168.0,F,K,E,45.53,,,
154,154,1020,1020,169.0,C,S,C,169.0,SER,C,P00157,169.0,S,W,E,45.53,,,
155,155,1021,1021,170.0,C,V,C,170.0,VAL,C,P00157,170.0,V,R,C,45.53,,,
156,156,1022,1022,171.0,C,D,C,171.0,ASP,C,P00157,171.0,D,G,C,45.53,,,
157,157,1023,1023,172.0,C,K,H,172.0,LYS,C,P00157,172.0,K,K,E,45.53,,,
158,158,1024,1024,173.0,C,A,H,173.0,ALA,C,P00157,173.0,A,P,E,45.53,,,
159,159,1025,1025,174.0,C,T,H,174.0,THR,C,P00157,174.0,T,L,E,42.39,,,
160,160,1026,1026,175.0,C,L,H,175.0,LEU,C,P00157,175.0,L,F,E,42.39,,,
161,161,1027,1027,176.0,C,T,H,176.0,THR,C,P00157,176.0,T,V,E,42.39,,,
162,162,1028,1028,177.0,C,R,H,177.0,ARG,C,P00157,177.0,R,R,E,42.39,,,
163,163,1029,1029,178.0,C,F,H,178.0,PHE,C,P00157,178.0,F,H,E,42.39,,,
164,164,1030,1030,179.0,C,F,H,179.0,PHE,C,P00157,179.0,F,R,C,42.39,,,
165,165,1031,1031,180.0,C,A,H,180.0,ALA,C,P00157,180.0,A,T,C,42.39,,,
166,166,1032,1032,181.0,C,F,H,181.0,PHE,C,P00157,181.0,F,K,H,42.39,,,
167,167,1033,1033,182.0,C,H,H,182.0,HIS,C,P00157,182.0,H,K,H,42.39,,,
168,168,1034,1034,183.0,C,F,H,183.0,PHE,C,P00157,183.0,F,E,H,42.39,,,
169,169,1035,1035,184.0,C,I,H,184.0,ILE,C,P00157,184.0,I,I,H,42.39,,,
170,170,1036,1036,185.0,C,L,H,185.0,LEU,C,P00157,185.0,L,D,H,43.13,,,
171,171,1037,1037,186.0,C,P,H,186.0,PRO,C,P00157,186.0,P,Q,H,43.13,,,
172,172,1038,1038,187.0,C,F,H,187.0,PHE,C,P00157,187.0,F,E,H,43.13,,,
173,173,1039,1039,188.0,C,I,H,188.0,ILE,C,P00157,188.0,I,A,H,43.13,,,
174,174,1040,1040,189.0,C,I,H,189.0,ILE,C,P00157,189.0,I,A,C,43.13,,,
175,175,1041,1041,190.0,C,M,H,190.0,MET,C,P00157,190.0,M,V,C,43.13,,,
176,176,1042,1042,191.0,C,A,H,191.0,ALA,C,P00157,191.0,A,E,C,43.13,,,
177,177,1043,1043,192.0,C,I,H,192.0,ILE,C,P00157,192.0,I,V,C,43.35,,,
178,178,1044,1044,193.0,C,A,H,193.0,ALA,C,P00157,193.0,A,S,C,43.35,,,
179,179,1045,1045,194.0,C,M,H,194.0,MET,C,P00157,194.0,M,Q,C,43.35,,,
180,180,1046,1046,195.0,C,V,H,195.0,VAL,C,P00157,195.0,V,L,C,43.35,,,
181,181,1047,1047,196.0,C,H,H,196.0,HIS,C,P00157,196.0,H,R,C,43.35,,,
182,182,1048,1048,197.0,C,L,H,197.0,LEU,C,P00157,197.0,L,D,C,43.35,,,
183,183,1049,1049,198.0,C,L,H,198.0,LEU,C,P00157,198.0,L,P,C,43.35,,,
184,184,1050,1050,199.0,C,F,H,199.0,PHE,C,P00157,199.0,F,Q,C,43.35,,,
185,185,1051,1051,200.0,C,L,H,200.0,LEU,C,P00157,200.0,L,H,C,39.78,,,
186,186,1052,1052,201.0,C,H,H,201.0,HIS,C,P00157,201.0,H,D,H,39.78,,,
187,187,1053,1053,202.0,C,E,H,202.0,GLU,C,P00157,202.0,E,L,H,39.78,,,
188,188,1054,1054,203.0,C,T,H,203.0,THR,C,P00157,203.0,T,E,H,39.78,,,
189,189,1055,1055,204.0,C,G,C,204.0,GLY,C,P00157,204.0,G,R,H,39.78,,,
190,190,1056,1056,205.0,C,S,C,205.0,SER,C,P00157,205.0,S,V,C,39.78,,,
191,191,1057,1057,206.0,C,N,C,206.0,ASN,C,P00157,206.0,N,K,C,39.78,,,
192,192,1058,1058,207.0,C,N,C,207.0,ASN,C,P00157,207.0,N,K,C,39.42,,,
193,193,1059,1059,208.0,C,P,C,208.0,PRO,C,P00157,208.0,P,P,C,39.42,,,
194,194,1060,1060,209.0,C,T,C,209.0,THR,C,P00157,209.0,T,E,C,39.42,,,
195,195,1061,1061,210.0,C,G,C,210.0,GLY,C,P00157,210.0,G,W,E,39.42,,,
196,196,1062,1062,211.0,C,I,C,211.0,ILE,C,P00157,211.0,I,V,E,39.42,,,
197,197,1063,1063,212.0,C,S,C,212.0,SER,C,P00157,212.0,S,I,E,39.42,,,
198,198,1064,1064,213.0,C,S,C,213.0,SER,C,P00157,213.0,S,L,E,39.42,,,
199,199,1065,1065,214.0,C,D,C,214.0,ASP,C,P00157,214.0,D,I,E,39.42,,,
200,200,1066,1066,215.0,C,V,C,215.0,VAL,C,P00157,215.0,V,G,C,39.42,,,
201,201,1067,1067,216.0,C,D,C,216.0,ASP,C,P00157,216.0,D,V,C,37.02,,,
202,202,1068,1068,217.0,C,K,E,217.0,LYS,C,P00157,217.0,K,C,C,37.02,,,
203,203,1069,1069,218.0,C,I,E,218.0,ILE,C,P00157,218.0,I,T,C,37.02,,,
204,204,1070,1070,219.0,C,P,E,219.0,PRO,C,P00157,219.0,P,H,C,37.02,,,
205,205,1071,1071,220.0,C,F,H,220.0,PHE,C,P00157,220.0,F,L,C,37.02,,,
206,206,1072,1072,221.0,C,H,H,221.0,HIS,C,P00157,221.0,H,G,C,36.56,,,
207,207,1073,1073,222.0,C,P,H,222.0,PRO,C,P00157,222.0,P,C,C,36.56,,,
208,208,1074,1074,223.0,C,Y,H,223.0,TYR,C,P00157,223.0,Y,V,C,36.56,,,
209,209,1075,1075,224.0,C,Y,H,224.0,TYR,C,P00157,224.0,Y,P,C,36.56,,,
210,210,1076,1076,225.0,C,T,H,225.0,THR,C,P00157,225.0,T,I,E,36.56,,,
211,211,1077,1077,226.0,C,I,H,226.0,ILE,C,P00157,226.0,I,A,E,39.1,,,
212,212,1078,1078,227.0,C,K,H,227.0,LYS,C,P00157,227.0,K,N,C,39.1,,,
213,213,1079,1079,228.0,C,D,H,228.0,ASP,C,P00157,228.0,D,A,C,39.1,,,
214,214,1080,1080,229.0,C,I,H,229.0,ILE,C,P00157,229.0,I,G,C,39.1,,,
215,215,1081,1081,230.0,C,L,H,230.0,LEU,C,P00157,230.0,L,D,C,39.1,,,
216,216,1082,1082,231.0,C,G,H,231.0,GLY,C,P00157,231.0,G,F,C,39.1,,,
217,217,1083,1083,232.0,C,A,H,232.0,ALA,C,P00157,232.0,A,G,C,39.1,,,
218,218,1084,1084,233.0,C,L,H,233.0,LEU,C,P00157,233.0,L,G,C,38.79,,,
219,219,1085,1085,234.0,C,L,H,234.0,LEU,C,P00157,234.0,L,Y,E,38.79,,,
220,220,1086,1086,235.0,C,L,H,235.0,LEU,C,P00157,235.0,L,Y,E,38.79,,,
221,221,1087,1087,236.0,C,I,H,236.0,ILE,C,P00157,236.0,I,C,E,38.79,,,
222,222,1088,1088,237.0,C,L,H,237.0,LEU,C,P00157,237.0,L,P,C,38.79,,,
223,223,1089,1089,238.0,C,A,H,238.0,ALA,C,P00157,238.0,A,C,C,38.79,,,
224,224,1090,1090,239.0,C,L,H,239.0,LEU,C,P00157,239.0,L,H,C,38.79,,,
225,225,1091,1091,240.0,C,M,H,240.0,MET,C,P00157,240.0,M,G,C,40.51,,,
226,226,1092,1092,241.0,C,L,H,241.0,LEU,C,P00157,241.0,L,S,E,40.51,,,
227,227,1093,1093,242.0,C,L,H,242.0,LEU,C,P00157,242.0,L,H,E,40.51,,,
228,228,1094,1094,243.0,C,V,H,243.0,VAL,C,P00157,243.0,V,Y,E,40.51,,,
229,229,1095,1095,244.0,C,L,H,244.0,LEU,C,P00157,244.0,L,D,C,40.51,,,
230,230,1096,1096,245.0,C,F,H,245.0,PHE,C,P00157,245.0,F,A,C,38.32,,,
231,231,1097,1097,246.0,C,A,C,246.0,ALA,C,P00157,246.0,A,S,C,38.32,,,
232,232,1098,1098,247.0,C,P,C,247.0,PRO,C,P00157,247.0,P,G,C,38.32,,,
233,233,1099,1099,248.0,C,D,C,248.0,ASP,C,P00157,248.0,D,R,C,38.32,,,
234,234,1100,1100,249.0,C,L,C,249.0,LEU,C,P00157,249.0,L,I,E,38.32,,,
235,235,1101,1101,250.0,C,L,C,250.0,LEU,C,P00157,250.0,L,R,E,38.32,,,
236,236,1102,1102,251.0,C,G,C,251.0,GLY,C,P00157,251.0,G,K,E,38.32,,,
237,237,1103,1103,252.0,C,D,C,252.0,ASP,C,P00157,252.0,D,G,C,44.71,,,
238,238,1104,1104,253.0,C,P,C,253.0,PRO,C,P00157,253.0,P,P,C,44.71,,,
239,239,1105,1105,254.0,C,D,C,254.0,ASP,C,P00157,254.0,D,A,C,44.71,,,
240,240,1106,1106,255.0,C,N,C,255.0,ASN,C,P00157,255.0,N,P,C,44.71,,,
241,241,1107,1107,256.0,C,Y,C,256.0,TYR,C,P00157,256.0,Y,L,C,44.71,,,
242,242,1108,1108,257.0,C,T,C,257.0,THR,C,P00157,257.0,T,N,C,44.71,,,
243,243,1109,1109,258.0,C,P,C,258.0,PRO,C,P00157,258.0,P,L,C,44.72,,,
244,244,1110,1110,259.0,C,A,C,259.0,ALA,C,P00157,259.0,A,E,C,44.72,,,
245,245,1111,1111,260.0,C,N,C,260.0,ASN,C,P00157,260.0,N,V,C,44.72,,,
246,246,1112,1112,261.0,C,P,C,261.0,PRO,C,P00157,261.0,P,P,C,44.72,,,
247,247,1113,1113,262.0,C,L,C,262.0,LEU,C,P00157,262.0,L,S,C,44.72,,,
248,248,1114,1114,263.0,C,N,C,263.0,ASN,C,P00157,263.0,N,Y,E,44.72,,,
249,249,1115,1115,264.0,C,T,C,264.0,THR,C,P00157,264.0,T,E,E,44.72,,,
250,250,1116,1116,265.0,C,P,C,265.0,PRO,C,P00157,265.0,P,F,E,44.72,,,
251,251,1117,1117,266.0,C,P,C,266.0,PRO,C,P00157,266.0,P,T,E,44.72,,,
252,252,1118,1118,267.0,C,H,C,267.0,HIS,C,P00157,267.0,H,S,E,48.7,,,
253,253,1119,1119,268.0,C,I,C,268.0,ILE,C,P00157,268.0,I,D,C,48.7,,,
254,254,1120,1120,269.0,C,K,C,269.0,LYS,C,P00157,269.0,K,D,C,48.7,,,
255,255,1121,1121,270.0,C,P,C,270.0,PRO,C,P00157,270.0,P,M,E,48.7,,,
256,256,1122,1122,271.0,C,E,C,271.0,GLU,C,P00157,271.0,E,V,E,48.7,,,
257,257,1123,1123,272.0,C,W,C,272.0,TRP,C,P00157,272.0,W,I,E,48.7,,,
258,258,1124,1124,273.0,C,Y,C,273.0,TYR,C,P00157,273.0,Y,V,E,47.77,,,
259,259,1125,1125,274.0,C,F,C,274.0,PHE,C,P00157,274.0,F,,,,,,
260,260,1126,1126,275.0,C,L,H,275.0,LEU,C,P00157,275.0,L,,,,,,
261,261,1127,1127,276.0,C,F,H,276.0,PHE,C,P00157,276.0,F,,,,,,
262,262,1128,1128,277.0,C,A,H,277.0,ALA,C,P00157,277.0,A,,,,,,
263,263,1129,1129,278.0,C,Y,H,278.0,TYR,C,P00157,278.0,Y,,,,,,
264,264,1130,1130,279.0,C,A,H,279.0,ALA,C,P00157,279.0,A,,,,,,
265,265,1131,1131,280.0,C,I,H,280.0,ILE,C,P00157,280.0,I,,,,,,
266,266,1132,1132,281.0,C,L,H,281.0,LEU,C,P00157,281.0,L,,,,,,
267,267,1133,1133,282.0,C,R,H,282.0,ARG,C,P00157,282.0,R,,,,,,
268,268,1134,1134,283.0,C,S,C,283.0,SER,C,P00157,283.0,S,,,,,,
269,269,1135,1135,284.0,C,I,C,284.0,ILE,C,P00157,284.0,I,,,,,,
270,270,1136,1136,285.0,C,P,C,285.0,PRO,C,P00157,285.0,P,,,,,,
271,271,1137,1137,286.0,C,N,C,286.0,ASN,C,P00157,286.0,N,,,,,,
272,272,1138,1138,287.0,C,K,H,287.0,LYS,C,P00157,287.0,K,,,,,,
273,273,1139,1139,288.0,C,L,H,288.0,LEU,C,P00157,288.0,L,,,,,,
274,274,1140,1140,289.0,C,G,H,289.0,GLY,C,P00157,289.0,G,,,,,,
275,275,1141,1141,290.0,C,G,H,290.0,GLY,C,P00157,290.0,G,,,,,,
276,276,1142,1142,291.0,C,V,H,291.0,VAL,C,P00157,291.0,V,,,,,,
277,277,1143,1143,292.0,C,L,H,292.0,LEU,C,P00157,292.0,L,,,,,,
278,278,1144,1144,293.0,C,A,H,293.0,ALA,C,P00157,293.0,A,,,,,,
279,279,1145,1145,294.0,C,L,H,294.0,LEU,C,P00157,294.0,L,,,,,,
280,280,1146,1146,295.0,C,A,H,295.0,ALA,C,P00157,295.0,A,,,,,,
281,281,1147,1147,296.0,C,F,H,296.0,PHE,C,P00157,296.0,F,,,,,,
282,282,1148,1148,297.0,C,S,H,297.0,SER,C,P00157,297.0,S,,,,,,
283,283,1149,1149,298.0,C,I,H,298.0,ILE,C,P00157,298.0,I,,,,,,
284,284,1150,1150,299.0,C,L,H,299.0,LEU,C,P00157,299.0,L,,,,,,
285,285,1151,1151,300.0,C,I,C,300.0,ILE,C,P00157,300.0,I,,,,,,
286,286,1152,1152,301.0,C,L,C,301.0,LEU,C,P00157,301.0,L,,,,,,
287,287,1153,1153,302.0,C,A,C,302.0,ALA,C,P00157,302.0,A,,,,,,
288,288,1154,1154,303.0,C,L,C,303.0,LEU,C,P00157,303.0,L,,,,,,
289,289,1155,1155,304.0,C,I,H,304.0,ILE,C,P00157,304.0,I,,,,,,
290,290,1156,1156,305.0,C,P,H,305.0,PRO,C,P00157,305.0,P,,,,,,
291,291,1157,1157,306.0,C,L,H,306.0,LEU,C,P00157,306.0,L,,,,,,
292,292,1158,1158,307.0,C,L,H,307.0,LEU,C,P00157,307.0,L,,,,,,
293,293,1159,1159,308.0,C,H,C,308.0,HIS,C,P00157,308.0,H,,,,,,
294,294,1160,1160,309.0,C,T,C,309.0,THR,C,P00157,309.0,T,,,,,,
295,295,1161,1161,310.0,C,S,C,310.0,SER,C,P00157,310.0,S,,,,,,
296,296,1162,1162,311.0,C,K,C,311.0,LYS,C,P00157,311.0,K,,,,,,
297,297,1163,1163,312.0,C,Q,C,312.0,GLN,C,P00157,312.0,Q,,,,,,
298,298,1164,1164,313.0,C,R,C,313.0,ARG,C,P00157,313.0,R,,,,,,
299,299,1165,1165,314.0,C,S,C,314.0,SER,C,P00157,314.0,S,,,,,,
300,300,1166,1166,315.0,C,M,C,315.0,MET,C,P00157,315.0,M,,,,,,
301,301,1167,1167,316.0,C,M,C,316.0,MET,C,P00157,316.0,M,,,,,,
302,302,1168,1168,317.0,C,F,C,317.0,PHE,C,P00157,317.0,F,,,,,,
303,303,1169,1169,318.0,C,R,C,318.0,ARG,C,P00157,318.0,R,,,,,,
304,304,1170,1170,319.0,C,P,H,319.0,PRO,C,P00157,319.0,P,,,,,,
305,305,1171,1171,320.0,C,L,H,320.0,LEU,C,P00157,320.0,L,,,,,,
306,306,1172,1172,321.0,C,S,H,321.0,SER,C,P00157,321.0,S,,,,,,
307,307,1173,1173,322.0,C,Q,H,322.0,GLN,C,P00157,322.0,Q,,,,,,
308,308,1174,1174,323.0,C,C,H,323.0,CYS,C,P00157,323.0,C,,,,,,
309,309,1175,1175,324.0,C,L,H,324.0,LEU,C,P00157,324.0,L,,,,,,
310,310,1176,1176,325.0,C,F,H,325.0,PHE,C,P00157,325.0,F,,,,,,
311,311,1177,1177,326.0,C,W,H,326.0,TRP,C,P00157,326.0,W,,,,,,
312,312,1178,1178,327.0,C,A,H,327.0,ALA,C,P00157,327.0,A,,,,,,
313,313,1179,1179,328.0,C,L,H,328.0,LEU,C,P00157,328.0,L,,,,,,
314,314,1180,1180,329.0,C,V,H,329.0,VAL,C,P00157,329.0,V,,,,,,
315,315,1181,1181,330.0,C,A,H,330.0,ALA,C,P00157,330.0,A,,,,,,
316,316,1182,1182,331.0,C,D,H,331.0,ASP,C,P00157,331.0,D,,,,,,
317,317,1183,1183,332.0,C,L,H,332.0,LEU,C,P00157,332.0,L,,,,,,
318,318,1184,1184,333.0,C,L,H,333.0,LEU,C,P00157,333.0,L,,,,,,
319,319,1185,1185,334.0,C,T,H,334.0,THR,C,P00157,334.0,T,,,,,,
320,320,1186,1186,335.0,C,L,H,335.0,LEU,C,P00157,335.0,L,,,,,,
321,321,1187,1187,336.0,C,T,H,336.0,THR,C,P00157,336.0,T,,,,,,
322,322,1188,1188,337.0,C,W,H,337.0,TRP,C,P00157,337.0,W,,,,,,
323,323,1189,1189,338.0,C,I,H,338.0,ILE,C,P00157,338.0,I,,,,,,
324,324,1190,1190,339.0,C,G,H,339.0,GLY,C,P00157,339.0,G,,,,,,
325,325,1191,1191,340.0,C,G,C,340.0,GLY,C,P00157,340.0,G,,,,,,
326,326,1192,1192,341.0,C,Q,C,341.0,GLN,C,P00157,341.0,Q,,,,,,
327,327,1193,1193,342.0,C,P,C,342.0,PRO,C,P00157,342.0,P,,,,,,
328,328,1194,1194,343.0,C,V,C,343.0,VAL,C,P00157,343.0,V,,,,,,
329,329,1195,1195,344.0,C,E,C,344.0,GLU,C,P00157,344.0,E,,,,,,
330,330,1196,1196,345.0,C,H,C,345.0,HIS,C,P00157,345.0,H,,,,,,
331,331,1197,1197,346.0,C,P,C,346.0,PRO,C,P00157,346.0,P,,,,,,
332,332,1198,1198,347.0,C,Y,H,347.0,TYR,C,P00157,347.0,Y,,,,,,
333,333,1199,1199,348.0,C,I,H,348.0,ILE,C,P00157,348.0,I,,,,,,
334,334,1200,1200,349.0,C,T,H,349.0,THR,C,P00157,349.0,T,,,,,,
335,335,1201,1201,350.0,C,I,H,350.0,ILE,C,P00157,350.0,I,,,,,,
336,336,1202,1202,351.0,C,G,H,351.0,GLY,C,P00157,351.0,G,,,,,,
337,337,1203,1203,352.0,C,Q,H,352.0,GLN,C,P00157,352.0,Q,,,,,,
338,338,1204,1204,353.0,C,L,H,353.0,LEU,C,P00157,353.0,L,,,,,,
339,339,1205,1205,354.0,C,A,H,354.0,ALA,C,P00157,354.0,A,,,,,,
340,340,1206,1206,355.0,C,S,H,355.0,SER,C,P00157,355.0,S,,,,,,
341,341,1207,1207,356.0,C,V,H,356.0,VAL,C,P00157,356.0,V,,,,,,
342,342,1208,1208,357.0,C,L,H,357.0,LEU,C,P00157,357.0,L,,,,,,
343,343,1209,1209,358.0,C,Y,H,358.0,TYR,C,P00157,358.0,Y,,,,,,
344,344,1210,1210,359.0,C,F,H,359.0,PHE,C,P00157,359.0,F,,,,,,
345,345,1211,1211,360.0,C,L,H,360.0,LEU,C,P00157,360.0,L,,,,,,
346,346,1212,1212,361.0,C,L,C,361.0,LEU,C,P00157,361.0,L,,,,,,
347,347,1213,1213,362.0,C,I,C,362.0,ILE,C,P00157,362.0,I,,,,,,
348,348,1214,1214,363.0,C,L,C,363.0,LEU,C,P00157,363.0,L,,,,,,
349,349,1215,1215,364.0,C,V,C,364.0,VAL,C,P00157,364.0,V,,,,,,
350,350,1216,1216,365.0,C,L,C,365.0,LEU,C,P00157,365.0,L,,,,,,
351,351,1217,1217,366.0,C,M,H,366.0,MET,C,P00157,366.0,M,,,,,,
352,352,1218,1218,367.0,C,P,H,367.0,PRO,C,P00157,367.0,P,,,,,,
353,353,1219,1219,368.0,C,T,H,368.0,THR,C,P00157,368.0,T,,,,,,
354,354,1220,1220,369.0,C,A,H,369.0,ALA,C,P00157,369.0,A,,,,,,
355,355,1221,1221,370.0,C,G,H,370.0,GLY,C,P00157,370.0,G,,,,,,
356,356,1222,1222,371.0,C,T,H,371.0,THR,C,P00157,371.0,T,,,,,,
357,357,1223,1223,372.0,C,I,H,372.0,ILE,C,P00157,372.0,I,,,,,,
358,358,1224,1224,373.0,C,E,H,373.0,GLU,C,P00157,373.0,E,,,,,,
359,359,1225,1225,374.0,C,N,H,374.0,ASN,C,P00157,374.0,N,,,,,,
360,360,1226,1226,375.0,C,K,H,375.0,LYS,C,P00157,375.0,K,,,,,,
361,361,1227,1227,376.0,C,L,H,376.0,LEU,C,P00157,376.0,L,,,,,,
362,362,1228,1228,377.0,C,L,C,377.0,LEU,C,P00157,377.0,L,,,,,,
363,363,1229,1229,378.0,C,K,C,378.0,LYS,C,P00157,378.0,K,,,,,,
364,364,1230,1230,379.0,C,W,C,379.0,TRP,C,P00157,379.0,W,,,,,,
