,Unnamed: 0,Unnamed: 0.1,Unnamed: 0.1.1,RES,CHAIN,AA,SS_CLASS,PDB_dbResNum,PDB_dbResName,PDB_dbChainId,UniProt_dbAccessionId,UniProt_dbResNum,UniProt_dbResName,shifted Uni,AF_predictions,Jpred_seq,Jpred_SS_pred
0,0,0,0,1.0,A,V,C,1.0,VAL,A,P00374,2.0,V,V,C,V,C
1,1,1,1,2.0,A,G,C,2.0,GLY,A,P00374,3.0,G,G,C,G,C
2,2,2,2,3.0,A,S,C,3.0,SER,A,P00374,4.0,S,S,C,S,C
3,3,3,3,4.0,A,L,E,4.0,LEU,A,P00374,5.0,L,L,E,L,E
4,4,4,4,5.0,A,N,E,5.0,ASN,A,P00374,6.0,N,N,E,N,E
5,5,5,5,6.0,A,C,E,6.0,CYS,A,P00374,7.0,C,C,E,C,E
6,6,6,6,7.0,A,I,E,7.0,ILE,A,P00374,8.0,I,I,E,I,E
7,7,7,7,8.0,A,V,E,8.0,VAL,A,P00374,9.0,V,V,E,V,E
8,8,8,8,9.0,A,A,E,9.0,ALA,A,P00374,10.0,A,A,E,A,E
9,9,9,9,10.0,A,V,E,10.0,VAL,A,P00374,11.0,V,V,E,V,E
10,10,10,10,11.0,A,S,C,11.0,SER,A,P00374,12.0,S,S,C,S,E
11,11,11,11,12.0,A,Q,C,12.0,GLN,A,P00374,13.0,Q,Q,C,Q,C
12,12,12,12,13.0,A,N,C,13.0,ASN,A,P00374,14.0,N,N,C,N,C
13,13,13,13,14.0,A,M,C,14.0,MET,A,P00374,15.0,M,M,C,M,C
14,14,14,14,15.0,A,G,E,15.0,GLY,A,P00374,16.0,G,G,E,G,C
15,15,15,15,16.0,A,I,E,16.0,ILE,A,P00374,17.0,I,I,E,I,E
16,16,16,16,17.0,A,G,E,17.0,GLY,A,P00374,18.0,G,G,E,G,E
17,17,17,17,18.0,A,K,C,18.0,LYS,A,P00374,19.0,K,K,C,K,C
18,18,18,18,19.0,A,N,C,19.0,ASN,A,P00374,20.0,N,N,C,N,C
19,19,19,19,20.0,A,G,C,20.0,GLY,A,P00374,21.0,G,G,C,G,C
20,20,20,20,21.0,A,D,C,21.0,ASP,A,P00374,22.0,D,D,C,D,C
21,21,21,21,22.0,A,L,C,22.0,LEU,A,P00374,23.0,L,L,C,L,C
22,22,22,22,23.0,A,P,C,23.0,PRO,A,P00374,24.0,P,P,C,P,C
23,23,23,23,24.0,A,W,C,24.0,TRP,A,P00374,25.0,W,W,C,W,C
24,24,24,24,25.0,A,P,C,25.0,PRO,A,P00374,26.0,P,P,C,P,C
25,25,25,25,26.0,A,P,C,26.0,PRO,A,P00374,27.0,P,P,C,P,C
26,26,26,26,27.0,A,L,C,27.0,LEU,A,P00374,28.0,L,L,C,L,C
27,27,27,27,28.0,A,R,H,28.0,ARG,A,P00374,29.0,R,R,H,R,H
28,28,28,28,29.0,A,N,H,29.0,ASN,A,P00374,30.0,N,N,H,N,H
29,29,29,29,30.0,A,E,H,30.0,GLU,A,P00374,31.0,E,E,H,E,H
30,30,30,30,31.0,A,F,H,31.0,PHE,A,P00374,32.0,F,F,H,F,H
31,31,31,31,32.0,A,R,H,32.0,ARG,A,P00374,33.0,R,R,H,R,H
32,32,32,32,33.0,A,Y,H,33.0,TYR,A,P00374,34.0,Y,Y,H,Y,H
33,33,33,33,34.0,A,F,H,34.0,PHE,A,P00374,35.0,F,F,H,F,H
34,34,34,34,35.0,A,Q,H,35.0,GLN,A,P00374,36.0,Q,Q,H,Q,H
35,35,35,35,36.0,A,R,H,36.0,ARG,A,P00374,37.0,R,R,H,R,H
36,36,36,36,37.0,A,M,H,37.0,MET,A,P00374,38.0,M,M,H,M,H
37,37,37,37,38.0,A,T,H,38.0,THR,A,P00374,39.0,T,T,H,T,C
38,38,38,38,39.0,A,T,H,39.0,THR,A,P00374,40.0,T,T,H,T,C
39,39,39,39,40.0,A,T,C,40.0,THR,A,P00374,41.0,T,T,C,T,C
40,40,40,40,41.0,A,S,C,41.0,SER,A,P00374,42.0,S,S,C,S,C
41,41,41,41,42.0,A,S,C,42.0,SER,A,P00374,43.0,S,S,C,S,C
42,42,42,42,43.0,A,V,C,43.0,VAL,A,P00374,44.0,V,V,C,V,C
43,43,43,43,44.0,A,E,C,44.0,GLU,A,P00374,45.0,E,E,C,E,C
44,44,44,44,45.0,A,G,C,45.0,GLY,A,P00374,46.0,G,G,C,G,C
45,45,45,45,46.0,A,K,C,46.0,LYS,A,P00374,47.0,K,K,C,K,C
46,46,46,46,47.0,A,Q,E,47.0,GLN,A,P00374,48.0,Q,Q,E,Q,C
47,47,47,47,48.0,A,N,E,48.0,ASN,A,P00374,49.0,N,N,E,N,C
48,48,48,48,49.0,A,L,E,49.0,LEU,A,P00374,50.0,L,L,E,L,E
49,49,49,49,50.0,A,V,E,50.0,VAL,A,P00374,51.0,V,V,E,V,E
50,50,50,50,51.0,A,I,E,51.0,ILE,A,P00374,52.0,I,I,E,I,E
51,51,51,51,52.0,A,M,E,52.0,MET,A,P00374,53.0,M,M,E,M,E
52,52,52,52,53.0,A,G,E,53.0,GLY,A,P00374,54.0,G,G,E,G,E
53,53,53,53,54.0,A,K,H,54.0,LYS,A,P00374,55.0,K,K,H,K,C
54,54,54,54,55.0,A,K,H,55.0,LYS,A,P00374,56.0,K,K,H,K,C
55,55,55,55,56.0,A,T,H,56.0,THR,A,P00374,57.0,T,T,H,T,C
56,56,56,56,57.0,A,W,H,57.0,TRP,A,P00374,58.0,W,W,H,W,C
57,57,57,57,58.0,A,F,H,58.0,PHE,A,P00374,59.0,F,F,H,F,C
58,58,58,58,59.0,A,S,H,59.0,SER,A,P00374,60.0,S,S,H,S,C
59,59,59,59,60.0,A,I,C,60.0,ILE,A,P00374,61.0,I,I,C,I,C
60,60,60,60,61.0,A,P,C,61.0,PRO,A,P00374,62.0,P,P,C,P,C
61,61,61,61,62.0,A,E,C,62.0,GLU,A,P00374,63.0,E,E,C,E,C
62,62,62,62,63.0,A,K,C,63.0,LYS,A,P00374,64.0,K,K,C,K,C
63,63,63,63,64.0,A,N,C,64.0,ASN,A,P00374,65.0,N,N,C,N,C
64,64,64,64,65.0,A,R,C,65.0,ARG,A,P00374,66.0,R,R,C,R,C
65,65,65,65,66.0,A,P,C,66.0,PRO,A,P00374,67.0,P,P,C,P,C
66,66,66,66,67.0,A,L,C,67.0,LEU,A,P00374,68.0,L,L,C,L,C
67,67,67,67,68.0,A,K,C,68.0,LYS,A,P00374,69.0,K,K,C,K,C
68,68,68,68,69.0,A,G,C,69.0,GLY,A,P00374,70.0,G,G,C,G,C
69,69,69,69,70.0,A,R,C,70.0,ARG,A,P00374,71.0,R,R,C,R,C
70,70,70,70,71.0,A,I,E,71.0,ILE,A,P00374,72.0,I,I,E,I,E
71,71,71,71,72.0,A,N,E,72.0,ASN,A,P00374,73.0,N,N,E,N,E
72,72,72,72,73.0,A,L,E,73.0,LEU,A,P00374,74.0,L,L,E,L,E
73,73,73,73,74.0,A,V,E,74.0,VAL,A,P00374,75.0,V,V,E,V,E
74,74,74,74,75.0,A,L,E,75.0,LEU,A,P00374,76.0,L,L,E,L,E
75,75,75,75,76.0,A,S,C,76.0,SER,A,P00374,77.0,S,S,C,S,E
76,76,76,76,77.0,A,R,C,77.0,ARG,A,P00374,78.0,R,R,C,R,C
77,77,77,77,78.0,A,E,C,78.0,GLU,A,P00374,79.0,E,E,C,E,C
78,78,78,78,79.0,A,L,C,79.0,LEU,A,P00374,80.0,L,L,C,L,C
79,79,79,79,80.0,A,K,C,80.0,LYS,A,P00374,81.0,K,K,C,K,C
80,80,80,80,81.0,A,E,C,81.0,GLU,A,P00374,82.0,E,E,C,E,C
81,81,81,81,82.0,A,P,C,82.0,PRO,A,P00374,83.0,P,P,C,P,C
82,82,82,82,83.0,A,P,C,83.0,PRO,A,P00374,84.0,P,P,C,P,C
83,83,83,83,84.0,A,Q,C,84.0,GLN,A,P00374,85.0,Q,Q,C,Q,C
84,84,84,84,85.0,A,G,C,85.0,GLY,A,P00374,86.0,G,G,C,G,C
85,85,85,85,86.0,A,A,C,86.0,ALA,A,P00374,87.0,A,A,C,A,C
86,86,86,86,87.0,A,H,C,87.0,HIS,A,P00374,88.0,H,H,C,H,E
87,87,87,87,88.0,A,F,E,88.0,PHE,A,P00374,89.0,F,F,E,F,E
88,88,88,88,89.0,A,L,E,89.0,LEU,A,P00374,90.0,L,L,E,L,E
89,89,89,89,90.0,A,S,E,90.0,SER,A,P00374,91.0,S,S,E,S,E
90,90,90,90,91.0,A,R,C,91.0,ARG,A,P00374,92.0,R,R,C,R,C
91,91,91,91,92.0,A,S,C,92.0,SER,A,P00374,93.0,S,S,C,S,C
92,92,92,92,93.0,A,L,H,93.0,LEU,A,P00374,94.0,L,L,H,L,H
93,93,93,93,94.0,A,D,H,94.0,ASP,A,P00374,95.0,D,D,H,D,H
94,94,94,94,95.0,A,D,H,95.0,ASP,A,P00374,96.0,D,D,H,D,H
95,95,95,95,96.0,A,A,H,96.0,ALA,A,P00374,97.0,A,A,H,A,H
96,96,96,96,97.0,A,L,H,97.0,LEU,A,P00374,98.0,L,L,H,L,H
97,97,97,97,98.0,A,K,H,98.0,LYS,A,P00374,99.0,K,K,H,K,H
98,98,98,98,99.0,A,L,H,99.0,LEU,A,P00374,100.0,L,L,H,L,H
99,99,99,99,100.0,A,T,H,100.0,THR,A,P00374,101.0,T,T,H,T,H
100,100,100,100,101.0,A,E,C,101.0,GLU,A,P00374,102.0,E,E,C,E,H
101,101,101,101,102.0,A,Q,C,102.0,GLN,A,P00374,103.0,Q,Q,C,Q,H
102,102,102,102,103.0,A,P,C,103.0,PRO,A,P00374,104.0,P,P,C,P,H
103,103,103,103,104.0,A,E,C,104.0,GLU,A,P00374,105.0,E,E,C,E,H
104,104,104,104,105.0,A,L,C,105.0,LEU,A,P00374,106.0,L,L,C,L,H
105,105,105,105,106.0,A,A,C,106.0,ALA,A,P00374,107.0,A,A,C,A,C
106,106,106,106,107.0,A,N,C,107.0,ASN,A,P00374,108.0,N,N,C,N,C
107,107,107,107,108.0,A,K,C,108.0,LYS,A,P00374,109.0,K,K,C,K,C
108,108,108,108,109.0,A,V,E,109.0,VAL,A,P00374,110.0,V,V,E,V,C
109,109,109,109,110.0,A,D,E,110.0,ASP,A,P00374,111.0,D,D,E,D,C
110,110,110,110,111.0,A,M,E,111.0,MET,A,P00374,112.0,M,M,E,M,E
111,111,111,111,112.0,A,V,E,112.0,VAL,A,P00374,113.0,V,V,E,V,E
112,112,112,112,113.0,A,W,E,113.0,TRP,A,P00374,114.0,W,W,E,W,E
113,113,113,113,114.0,A,I,E,114.0,ILE,A,P00374,115.0,I,I,E,I,E
114,114,114,114,115.0,A,V,C,115.0,VAL,A,P00374,116.0,V,V,C,V,E
115,115,115,115,116.0,A,G,C,116.0,GLY,A,P00374,117.0,G,G,C,G,E
116,116,116,116,117.0,A,G,C,117.0,GLY,A,P00374,118.0,G,G,C,G,C
117,117,117,117,118.0,A,S,H,118.0,SER,A,P00374,119.0,S,S,H,S,H
118,118,118,118,119.0,A,S,H,119.0,SER,A,P00374,120.0,S,S,H,S,H
119,119,119,119,120.0,A,V,H,120.0,VAL,A,P00374,121.0,V,V,H,V,H
120,120,120,120,121.0,A,Y,H,121.0,TYR,A,P00374,122.0,Y,Y,H,Y,H
121,121,121,121,122.0,A,K,H,122.0,LYS,A,P00374,123.0,K,K,H,K,H
122,122,122,122,123.0,A,E,H,123.0,GLU,A,P00374,124.0,E,E,H,E,H
123,123,123,123,124.0,A,A,H,124.0,ALA,A,P00374,125.0,A,A,H,A,H
124,124,124,124,125.0,A,M,H,125.0,MET,A,P00374,126.0,M,M,H,M,H
125,125,125,125,126.0,A,N,C,126.0,ASN,A,P00374,127.0,N,N,C,N,H
126,126,126,126,127.0,A,H,C,127.0,HIS,A,P00374,128.0,H,H,C,H,C
127,127,127,127,128.0,A,P,C,128.0,PRO,A,P00374,129.0,P,P,C,P,C
128,128,128,128,129.0,A,G,C,129.0,GLY,A,P00374,130.0,G,G,C,G,C
129,129,129,129,130.0,A,H,C,130.0,HIS,A,P00374,131.0,H,H,C,H,C
130,130,130,130,131.0,A,L,E,131.0,LEU,A,P00374,132.0,L,L,E,L,C
131,131,131,131,132.0,A,K,E,132.0,LYS,A,P00374,133.0,K,K,E,K,E
132,132,132,132,133.0,A,L,E,133.0,LEU,A,P00374,134.0,L,L,E,L,E
133,133,133,133,134.0,A,F,E,134.0,PHE,A,P00374,135.0,F,F,E,F,E
134,134,134,134,135.0,A,V,E,135.0,VAL,A,P00374,136.0,V,V,E,V,E
135,135,135,135,136.0,A,T,E,136.0,THR,A,P00374,137.0,T,T,E,T,E
136,136,136,136,137.0,A,R,E,137.0,ARG,A,P00374,138.0,R,R,E,R,E
137,137,137,137,138.0,A,I,E,138.0,ILE,A,P00374,139.0,I,I,E,I,E
138,138,138,138,139.0,A,M,C,139.0,MET,A,P00374,140.0,M,M,C,M,C
139,139,139,139,140.0,A,Q,C,140.0,GLN,A,P00374,141.0,Q,Q,C,Q,C
140,140,140,140,141.0,A,D,C,141.0,ASP,A,P00374,142.0,D,D,C,D,C
141,141,141,141,142.0,A,F,C,142.0,PHE,A,P00374,143.0,F,F,C,F,C
142,142,142,142,143.0,A,E,C,143.0,GLU,A,P00374,144.0,E,E,C,E,C
143,143,143,143,144.0,A,S,C,144.0,SER,A,P00374,145.0,S,S,C,S,C
144,144,144,144,145.0,A,D,C,145.0,ASP,A,P00374,146.0,D,D,C,D,C
145,145,145,145,146.0,A,T,E,146.0,THR,A,P00374,147.0,T,T,E,T,E
146,146,146,146,147.0,A,F,E,147.0,PHE,A,P00374,148.0,F,F,E,F,C
147,147,147,147,148.0,A,F,C,148.0,PHE,A,P00374,149.0,F,F,C,F,C
148,148,148,148,149.0,A,P,C,149.0,PRO,A,P00374,150.0,P,P,C,P,C
149,149,149,149,150.0,A,E,C,150.0,GLU,A,P00374,151.0,E,E,C,E,C
150,150,150,150,151.0,A,I,C,151.0,ILE,A,P00374,152.0,I,I,C,I,C
151,151,151,151,152.0,A,D,C,152.0,ASP,A,P00374,153.0,D,D,C,D,C
152,152,152,152,153.0,A,L,C,153.0,LEU,A,P00374,154.0,L,L,C,L,C
153,153,153,153,154.0,A,E,C,154.0,GLU,A,P00374,155.0,E,E,C,E,C
154,154,154,154,155.0,A,K,C,155.0,LYS,A,P00374,156.0,K,K,C,K,C
155,155,155,155,156.0,A,Y,C,156.0,TYR,A,P00374,157.0,Y,Y,C,Y,C
156,156,156,156,157.0,A,K,E,157.0,LYS,A,P00374,158.0,K,K,E,K,E
157,157,157,157,158.0,A,L,E,158.0,LEU,A,P00374,159.0,L,L,E,L,E
158,158,158,158,159.0,A,L,C,159.0,LEU,A,P00374,160.0,L,L,C,L,E
159,159,159,159,160.0,A,P,C,160.0,PRO,A,P00374,161.0,P,P,C,P,E
160,160,160,160,161.0,A,E,C,161.0,GLU,A,P00374,162.0,E,E,C,E,C
161,161,161,161,162.0,A,Y,C,162.0,TYR,A,P00374,163.0,Y,Y,C,Y,C
162,162,162,162,163.0,A,P,C,163.0,PRO,A,P00374,164.0,P,P,C,P,C
163,163,163,163,164.0,A,G,C,164.0,GLY,A,P00374,165.0,G,G,C,G,C
164,164,164,164,165.0,A,V,C,165.0,VAL,A,P00374,166.0,V,V,C,V,C
165,165,165,165,166.0,A,L,C,166.0,LEU,A,P00374,167.0,L,L,C,L,C
166,166,166,166,167.0,A,S,C,167.0,SER,A,P00374,168.0,S,S,C,S,C
167,167,167,167,168.0,A,D,C,168.0,ASP,A,P00374,169.0,D,D,C,D,C
168,168,168,168,169.0,A,V,C,169.0,VAL,A,P00374,170.0,V,V,C,V,C
169,169,169,169,170.0,A,Q,E,170.0,GLN,A,P00374,171.0,Q,Q,E,Q,C
170,170,170,170,171.0,A,E,E,171.0,GLU,A,P00374,172.0,E,E,E,E,C
171,171,171,171,172.0,A,E,E,172.0,GLU,A,P00374,173.0,E,E,E,E,C
172,172,172,172,173.0,A,K,C,173.0,LYS,A,P00374,174.0,K,K,C,K,C
173,173,173,173,174.0,A,G,C,174.0,GLY,A,P00374,175.0,G,G,C,G,C
174,174,174,174,175.0,A,I,E,175.0,ILE,A,P00374,176.0,I,I,E,I,C
175,175,175,175,176.0,A,K,E,176.0,LYS,A,P00374,177.0,K,K,E,K,E
176,176,176,176,177.0,A,Y,E,177.0,TYR,A,P00374,178.0,Y,Y,E,Y,E
177,177,177,177,178.0,A,K,E,178.0,LYS,A,P00374,179.0,K,K,E,K,E
178,178,178,178,179.0,A,F,E,179.0,PHE,A,P00374,180.0,F,F,E,F,E
179,179,179,179,180.0,A,E,E,180.0,GLU,A,P00374,181.0,E,E,E,E,E
180,180,180,180,181.0,A,V,E,181.0,VAL,A,P00374,182.0,V,V,E,V,E
181,181,181,181,182.0,A,Y,E,182.0,TYR,A,P00374,183.0,Y,Y,E,Y,E
182,182,182,182,183.0,A,E,E,183.0,GLU,A,P00374,184.0,E,E,E,E,E
183,183,183,183,184.0,A,K,E,184.0,LYS,A,P00374,185.0,K,K,E,K,C
184,184,184,184,185.0,A,N,C,185.0,ASN,A,P00374,186.0,N,N,C,N,C
