,Unnamed: 0.4,Unnamed: 0.3,Unnamed: 0.2,Unnamed: 0.1,Unnamed: 0,RES,CHAIN,AA,SS_CLASS,PDB_dbResNum,PDB_dbResName,PDB_dbChainId,UniProt_dbAccessionId,UniProt_dbResNum,UniProt_dbResName,shifted Uni,AF_predictions,Jpred_seq,Jpred_SS_pred
0,0,223.0,223.0,263.0,263.0,244.0,E,R,C,244.0,ARG,A,P14385,244.0,R,R,C,R,C
1,1,224.0,224.0,264.0,264.0,245.0,E,F,C,245.0,PHE,A,P14385,245.0,F,F,C,F,C
2,2,225.0,225.0,265.0,265.0,246.0,E,E,C,246.0,GLU,A,P14385,246.0,E,E,C,E,C
3,3,226.0,226.0,266.0,266.0,247.0,E,T,C,247.0,THR,A,P14385,247.0,T,T,C,T,C
4,4,227.0,227.0,267.0,267.0,248.0,E,E,H,248.0,GLU,A,P14385,248.0,E,E,H,E,H
5,5,228.0,228.0,268.0,268.0,249.0,E,E,H,249.0,GLU,A,P14385,249.0,E,E,H,E,H
6,6,229.0,229.0,269.0,269.0,250.0,E,T,H,250.0,THR,A,P14385,250.0,T,T,H,T,H
7,7,230.0,230.0,270.0,270.0,251.0,E,R,H,251.0,ARG,A,P14385,251.0,R,R,H,R,H
8,8,231.0,231.0,271.0,271.0,252.0,E,K,H,252.0,LYS,A,P14385,252.0,K,K,H,K,H
9,9,232.0,232.0,272.0,272.0,253.0,E,L,H,253.0,LEU,A,P14385,253.0,L,L,H,L,H
10,10,233.0,233.0,273.0,273.0,254.0,E,E,H,254.0,GLU,A,P14385,254.0,E,E,H,E,H
11,11,234.0,234.0,274.0,274.0,255.0,E,I,H,255.0,ILE,A,P14385,255.0,I,I,C,I,H
12,12,235.0,235.0,275.0,275.0,256.0,E,S,C,256.0,SER,A,P14385,256.0,S,S,C,S,C
13,13,236.0,236.0,276.0,276.0,257.0,E,G,C,257.0,GLY,A,P14385,257.0,G,G,C,G,C
14,14,237.0,237.0,277.0,277.0,258.0,E,M,E,258.0,MET,A,P14385,258.0,M,M,E,M,E
15,15,238.0,238.0,278.0,278.0,259.0,E,P,E,259.0,PRO,A,P14385,259.0,P,P,E,P,E
16,16,239.0,239.0,279.0,279.0,260.0,E,L,H,260.0,LEU,A,P14385,260.0,L,L,H,L,H
17,17,240.0,240.0,280.0,280.0,261.0,E,G,H,261.0,GLY,A,P14385,261.0,G,G,H,G,H
18,18,241.0,241.0,281.0,281.0,262.0,E,D,H,262.0,ASP,A,P14385,262.0,D,D,H,D,H
19,19,242.0,242.0,282.0,282.0,263.0,E,L,H,263.0,LEU,A,P14385,263.0,L,L,H,L,H
20,20,243.0,243.0,283.0,283.0,264.0,E,F,E,264.0,PHE,A,P14385,264.0,F,F,E,F,E
21,21,244.0,244.0,284.0,284.0,265.0,E,H,E,265.0,HIS,A,P14385,265.0,H,H,E,H,E
22,22,245.0,245.0,285.0,285.0,266.0,E,I,E,266.0,ILE,A,P14385,266.0,I,I,E,I,E
23,23,246.0,246.0,286.0,286.0,267.0,E,R,E,267.0,ARG,A,P14385,267.0,R,R,E,R,E
24,24,247.0,247.0,287.0,287.0,268.0,E,F,E,268.0,PHE,A,P14385,268.0,F,F,E,F,E
25,25,248.0,248.0,288.0,288.0,269.0,E,A,C,269.0,ALA,A,P14385,269.0,A,A,C,A,C
26,26,249.0,249.0,289.0,289.0,270.0,E,A,C,270.0,ALA,A,P14385,270.0,A,A,C,A,C
27,27,250.0,250.0,290.0,290.0,271.0,E,R,C,271.0,ARG,A,P14385,271.0,R,R,C,R,C
28,28,251.0,251.0,291.0,291.0,272.0,E,S,H,272.0,SER,A,P14385,272.0,S,S,H,S,H
29,29,252.0,252.0,292.0,292.0,273.0,E,P,H,273.0,PRO,A,P14385,273.0,P,P,H,P,H
30,30,253.0,253.0,293.0,293.0,274.0,E,E,H,274.0,GLU,A,P14385,274.0,E,E,H,E,H
31,31,254.0,254.0,294.0,294.0,275.0,E,F,H,275.0,PHE,A,P14385,275.0,F,F,H,F,H
32,32,255.0,255.0,295.0,295.0,276.0,E,K,H,276.0,LYS,A,P14385,276.0,K,K,H,K,H
33,33,256.0,256.0,296.0,296.0,277.0,E,K,H,277.0,LYS,A,P14385,277.0,K,K,H,K,H
34,34,257.0,257.0,297.0,297.0,278.0,E,H,C,278.0,HIS,A,P14385,278.0,H,H,C,H,C
35,35,258.0,258.0,298.0,298.0,279.0,E,P,C,279.0,PRO,A,P14385,279.0,P,P,C,P,C
36,36,259.0,259.0,299.0,299.0,280.0,E,A,C,280.0,ALA,A,P14385,280.0,A,A,C,A,C
37,37,260.0,260.0,300.0,300.0,281.0,E,V,C,281.0,VAL,A,P14385,281.0,V,V,C,V,C
38,38,261.0,261.0,301.0,301.0,282.0,E,R,C,282.0,ARG,A,P14385,282.0,R,R,C,R,E
39,39,262.0,262.0,302.0,302.0,283.0,E,K,C,283.0,LYS,A,P14385,283.0,K,K,C,K,C
40,40,263.0,263.0,303.0,303.0,284.0,E,E,C,284.0,GLU,A,P14385,284.0,E,E,C,E,C
41,41,264.0,264.0,304.0,304.0,285.0,E,P,C,285.0,PRO,A,P14385,285.0,P,P,C,P,C
42,42,265.0,265.0,305.0,305.0,286.0,E,G,C,286.0,GLY,A,P14385,286.0,G,G,C,G,C
43,43,266.0,266.0,306.0,306.0,287.0,E,P,C,287.0,PRO,A,P14385,287.0,P,P,C,P,C
44,44,267.0,267.0,307.0,307.0,288.0,E,G,C,288.0,GLY,A,P14385,288.0,G,G,C,G,C
45,45,268.0,268.0,308.0,308.0,289.0,E,L,E,289.0,LEU,A,P14385,289.0,L,L,E,L,E
46,46,269.0,269.0,309.0,309.0,290.0,E,V,E,290.0,VAL,A,P14385,290.0,V,V,E,V,E
47,47,270.0,270.0,310.0,310.0,291.0,E,P,E,291.0,PRO,A,P14385,291.0,P,P,E,P,E
48,48,271.0,271.0,311.0,311.0,292.0,E,V,C,292.0,VAL,A,P14385,292.0,V,V,C,V,C
49,49,272.0,272.0,312.0,312.0,293.0,E,L,C,293.0,LEU,A,P14385,293.0,L,L,C,L,E
50,50,273.0,273.0,313.0,313.0,294.0,E,T,C,294.0,THR,A,P14385,294.0,T,T,C,T,C
51,51,274.0,274.0,314.0,314.0,295.0,E,G,C,295.0,GLY,A,P14385,295.0,G,G,C,G,C
52,52,275.0,275.0,315.0,315.0,296.0,E,R,C,296.0,ARG,A,P14385,296.0,R,R,C,R,C
53,53,276.0,276.0,316.0,316.0,297.0,E,N,C,297.0,ASN,A,P14385,297.0,N,N,C,N,C
54,54,277.0,277.0,317.0,317.0,298.0,E,L,E,298.0,LEU,A,P14385,298.0,L,L,E,L,E
55,55,278.0,278.0,318.0,318.0,299.0,E,K,E,299.0,LYS,A,P14385,299.0,K,K,E,K,E
56,56,279.0,279.0,319.0,319.0,300.0,E,P,C,300.0,PRO,A,P14385,300.0,P,P,C,P,C
57,57,280.0,280.0,320.0,320.0,301.0,E,G,C,301.0,GLY,A,P14385,301.0,G,G,C,G,C
58,58,281.0,281.0,321.0,321.0,302.0,E,W,E,302.0,TRP,A,P14385,302.0,W,W,E,W,E
59,59,282.0,282.0,322.0,322.0,303.0,E,V,E,303.0,VAL,A,P14385,303.0,V,V,E,V,E
60,60,283.0,283.0,323.0,323.0,304.0,E,D,C,304.0,ASP,A,P14385,304.0,D,D,C,D,C
61,61,284.0,284.0,324.0,324.0,305.0,E,Y,C,305.0,TYR,A,P14385,305.0,Y,Y,C,Y,C
62,62,285.0,285.0,325.0,325.0,306.0,E,E,C,306.0,GLU,A,P14385,306.0,E,E,C,E,C
63,63,286.0,286.0,326.0,326.0,307.0,E,K,C,307.0,LYS,A,P14385,307.0,K,K,C,K,C
64,64,287.0,287.0,327.0,327.0,308.0,E,N,C,308.0,ASN,A,P14385,308.0,N,N,C,N,C
65,65,288.0,288.0,328.0,328.0,309.0,E,H,C,309.0,HIS,A,P14385,309.0,H,H,C,H,C
66,66,289.0,289.0,329.0,329.0,310.0,E,S,C,310.0,SER,A,P14385,310.0,S,S,C,S,C
67,67,290.0,290.0,330.0,330.0,311.0,E,G,C,311.0,GLY,A,P14385,311.0,G,G,C,G,C
68,68,291.0,291.0,331.0,331.0,312.0,E,L,C,312.0,LEU,A,P14385,312.0,L,L,C,L,C
69,69,292.0,292.0,332.0,332.0,313.0,E,W,E,313.0,TRP,A,P14385,313.0,W,W,E,W,E
70,70,293.0,293.0,333.0,333.0,314.0,E,M,E,314.0,MET,A,P14385,314.0,M,M,E,M,E
71,71,294.0,294.0,334.0,334.0,315.0,E,P,E,315.0,PRO,A,P14385,315.0,P,P,E,P,E
72,72,295.0,295.0,335.0,335.0,316.0,E,K,C,316.0,LYS,A,P14385,316.0,K,K,C,K,C
73,73,296.0,296.0,336.0,336.0,317.0,E,E,C,317.0,GLU,A,P14385,317.0,E,E,C,E,C
74,74,297.0,297.0,337.0,337.0,318.0,E,R,C,318.0,ARG,A,P14385,318.0,R,R,C,R,C
75,75,298.0,298.0,338.0,338.0,319.0,E,A,C,319.0,ALA,A,P14385,319.0,A,A,C,A,C
76,76,299.0,299.0,339.0,339.0,320.0,E,K,C,320.0,LYS,A,P14385,320.0,K,K,C,K,C
77,77,300.0,300.0,340.0,340.0,321.0,E,E,C,321.0,GLU,A,P14385,321.0,E,E,C,E,C
78,78,301.0,301.0,341.0,341.0,322.0,E,L,C,322.0,LEU,A,P14385,322.0,L,L,C,L,C
79,79,302.0,302.0,342.0,342.0,323.0,E,R,C,323.0,ARG,A,P14385,323.0,R,R,C,R,C
80,80,303.0,303.0,343.0,343.0,324.0,E,D,C,324.0,ASP,A,P14385,324.0,D,D,C,D,C
81,81,304.0,304.0,344.0,344.0,325.0,E,F,C,325.0,PHE,A,P14385,325.0,F,F,C,F,C
82,82,305.0,305.0,345.0,345.0,326.0,E,Y,C,326.0,TYR,A,P14385,326.0,Y,Y,C,Y,C
83,83,306.0,306.0,346.0,346.0,327.0,E,A,C,327.0,ALA,A,P14385,327.0,A,A,C,A,C
84,84,307.0,307.0,347.0,347.0,328.0,E,T,C,328.0,THR,A,P14385,328.0,T,T,C,T,C
85,85,308.0,308.0,348.0,348.0,329.0,E,P,C,329.0,PRO,A,P14385,329.0,P,P,C,P,C
86,86,309.0,309.0,349.0,349.0,330.0,E,H,E,330.0,HIS,A,P14385,330.0,H,H,E,H,E
87,87,310.0,310.0,350.0,350.0,331.0,E,L,E,331.0,LEU,A,P14385,331.0,L,L,E,L,E
88,88,311.0,311.0,351.0,351.0,332.0,E,V,E,332.0,VAL,A,P14385,332.0,V,V,E,V,E
89,89,312.0,312.0,352.0,352.0,333.0,E,V,E,333.0,VAL,A,P14385,333.0,V,V,E,V,E
90,90,313.0,313.0,353.0,353.0,334.0,E,A,C,334.0,ALA,A,P14385,334.0,A,A,C,A,C
91,91,314.0,314.0,354.0,354.0,335.0,E,H,C,335.0,HIS,A,P14385,335.0,H,H,C,H,C
92,92,315.0,315.0,355.0,355.0,336.0,E,T,C,336.0,THR,A,P14385,336.0,T,T,C,T,C
93,93,316.0,316.0,356.0,356.0,337.0,E,K,C,337.0,LYS,A,P14385,337.0,K,K,C,K,C
94,94,317.0,317.0,357.0,357.0,338.0,E,G,C,338.0,GLY,A,P14385,338.0,G,G,C,G,C
95,95,318.0,318.0,358.0,358.0,339.0,E,T,C,339.0,THR,A,P14385,339.0,T,T,C,T,C
96,96,319.0,319.0,359.0,359.0,340.0,E,R,C,340.0,ARG,A,P14385,340.0,R,R,C,R,C
97,97,320.0,320.0,360.0,360.0,341.0,E,V,C,341.0,VAL,A,P14385,341.0,V,V,C,V,C
98,98,321.0,321.0,361.0,361.0,342.0,E,V,C,342.0,VAL,A,P14385,342.0,V,V,C,V,C
99,99,322.0,322.0,362.0,362.0,343.0,E,A,E,343.0,ALA,A,P14385,343.0,A,A,E,A,E
100,100,323.0,323.0,363.0,363.0,344.0,E,A,E,344.0,ALA,A,P14385,344.0,A,A,E,A,E
101,101,324.0,324.0,364.0,364.0,345.0,E,W,E,345.0,TRP,A,P14385,345.0,W,W,E,W,E
102,102,325.0,325.0,365.0,365.0,346.0,E,D,E,346.0,ASP,A,P14385,346.0,D,D,E,D,E
103,103,326.0,326.0,366.0,366.0,347.0,E,E,C,347.0,GLU,A,P14385,347.0,E,E,C,E,C
104,104,327.0,327.0,367.0,367.0,348.0,E,R,C,348.0,ARG,A,P14385,348.0,R,R,C,R,C
105,105,328.0,328.0,368.0,368.0,349.0,E,A,C,349.0,ALA,A,P14385,349.0,A,A,C,A,C
106,106,329.0,329.0,369.0,369.0,350.0,E,Y,C,350.0,TYR,A,P14385,350.0,Y,Y,C,Y,C
107,107,330.0,330.0,370.0,370.0,351.0,E,P,C,351.0,PRO,A,P14385,351.0,P,P,C,P,C
108,108,331.0,331.0,371.0,371.0,352.0,E,W,C,352.0,TRP,A,P14385,352.0,W,W,C,W,E
109,109,332.0,332.0,372.0,372.0,353.0,E,R,C,353.0,ARG,A,P14385,353.0,R,R,C,R,C
110,110,333.0,333.0,373.0,373.0,354.0,E,E,C,354.0,GLU,A,P14385,354.0,E,E,C,E,C
111,111,334.0,334.0,374.0,374.0,355.0,E,E,C,355.0,GLU,A,P14385,355.0,E,E,C,E,C
112,112,335.0,335.0,375.0,375.0,356.0,E,F,E,356.0,PHE,A,P14385,356.0,F,F,E,F,E
113,113,336.0,336.0,376.0,376.0,357.0,E,H,E,357.0,HIS,A,P14385,357.0,H,H,E,H,E
114,114,337.0,337.0,377.0,377.0,358.0,E,L,E,358.0,LEU,A,P14385,358.0,L,L,E,L,E
115,115,338.0,338.0,378.0,378.0,359.0,E,L,E,359.0,LEU,A,P14385,359.0,L,L,E,L,E
116,116,339.0,339.0,379.0,379.0,360.0,E,P,E,360.0,PRO,A,P14385,360.0,P,P,E,P,E
117,117,340.0,340.0,380.0,380.0,361.0,E,K,C,361.0,LYS,A,P14385,361.0,K,K,C,K,C
118,118,341.0,341.0,381.0,381.0,362.0,E,E,C,362.0,GLU,A,P14385,362.0,E,E,C,E,C
119,119,342.0,342.0,382.0,382.0,363.0,E,G,C,363.0,GLY,A,P14385,363.0,G,G,C,G,C
120,120,343.0,343.0,383.0,383.0,364.0,E,V,E,364.0,VAL,A,P14385,364.0,V,V,E,V,E
121,121,344.0,344.0,384.0,384.0,365.0,E,R,E,365.0,ARG,A,P14385,365.0,R,R,E,R,E
122,122,345.0,345.0,385.0,385.0,366.0,E,L,E,366.0,LEU,A,P14385,366.0,L,L,E,L,E
123,123,346.0,346.0,386.0,386.0,367.0,E,D,C,367.0,ASP,A,P14385,367.0,D,D,C,D,C
124,124,347.0,347.0,387.0,387.0,368.0,E,P,H,368.0,PRO,A,P14385,368.0,P,P,H,P,H
125,125,348.0,348.0,388.0,388.0,369.0,E,S,H,369.0,SER,A,P14385,369.0,S,S,H,S,H
126,126,349.0,349.0,389.0,389.0,370.0,E,S,H,370.0,SER,A,P14385,370.0,S,S,H,S,H
127,127,350.0,350.0,390.0,390.0,371.0,E,L,H,371.0,LEU,A,P14385,371.0,L,L,H,L,H
128,128,351.0,351.0,391.0,391.0,372.0,E,V,H,372.0,VAL,A,P14385,372.0,V,V,H,V,H
129,129,352.0,352.0,392.0,392.0,373.0,E,Q,H,373.0,GLN,A,P14385,373.0,Q,Q,H,Q,H
130,130,353.0,353.0,393.0,393.0,374.0,E,W,H,374.0,TRP,A,P14385,374.0,W,W,H,W,H
131,131,354.0,354.0,394.0,394.0,375.0,E,L,H,375.0,LEU,A,P14385,375.0,L,L,H,L,H
132,132,355.0,355.0,395.0,395.0,376.0,E,N,C,376.0,ASN,A,P14385,376.0,N,N,H,N,C
133,133,356.0,356.0,396.0,396.0,377.0,E,S,C,377.0,SER,A,P14385,377.0,S,S,C,S,C
134,134,357.0,357.0,397.0,397.0,378.0,E,E,H,378.0,GLU,A,P14385,378.0,E,E,H,E,H
135,135,358.0,358.0,398.0,398.0,379.0,E,A,H,379.0,ALA,A,P14385,379.0,A,A,H,A,H
136,136,359.0,359.0,399.0,399.0,380.0,E,M,H,380.0,MET,A,P14385,380.0,M,M,H,M,H
137,137,360.0,360.0,400.0,400.0,381.0,E,Q,H,381.0,GLN,A,P14385,381.0,Q,Q,H,Q,H
138,138,361.0,361.0,401.0,401.0,382.0,E,K,H,382.0,LYS,A,P14385,382.0,K,K,H,K,H
139,139,362.0,362.0,402.0,402.0,383.0,E,H,H,383.0,HIS,A,P14385,383.0,H,H,H,H,H
140,140,363.0,363.0,403.0,403.0,384.0,E,V,H,384.0,VAL,A,P14385,384.0,V,V,H,V,H
141,141,364.0,364.0,404.0,404.0,385.0,E,R,H,385.0,ARG,A,P14385,385.0,R,R,H,R,H
142,142,365.0,365.0,405.0,405.0,386.0,E,T,H,386.0,THR,A,P14385,386.0,T,T,H,T,H
143,143,366.0,366.0,406.0,406.0,387.0,E,L,H,387.0,LEU,A,P14385,387.0,L,L,H,L,H
144,144,367.0,367.0,407.0,407.0,388.0,E,Y,H,388.0,TYR,A,P14385,388.0,Y,Y,H,Y,H
145,145,368.0,368.0,408.0,408.0,389.0,E,R,C,389.0,ARG,A,P14385,389.0,R,R,C,R,C
146,146,369.0,369.0,409.0,409.0,390.0,E,D,C,390.0,ASP,A,P14385,390.0,D,D,C,D,C
147,147,370.0,370.0,410.0,410.0,391.0,E,F,C,391.0,PHE,A,P14385,391.0,F,F,C,F,C
148,148,371.0,371.0,411.0,411.0,392.0,E,V,C,392.0,VAL,A,P14385,392.0,V,V,C,V,C
149,149,372.0,372.0,412.0,412.0,393.0,E,P,C,393.0,PRO,A,P14385,393.0,P,P,C,P,C
150,150,373.0,373.0,413.0,413.0,394.0,E,H,C,394.0,HIS,A,P14385,394.0,H,H,C,H,C
151,151,374.0,374.0,414.0,414.0,395.0,E,L,C,395.0,LEU,A,P14385,395.0,L,L,C,L,C
152,152,375.0,375.0,415.0,415.0,396.0,E,T,C,396.0,THR,A,P14385,396.0,T,T,C,T,C
153,153,376.0,376.0,416.0,416.0,397.0,E,L,H,397.0,LEU,A,P14385,397.0,L,L,H,L,H
154,154,377.0,377.0,417.0,417.0,398.0,E,R,H,398.0,ARG,A,P14385,398.0,R,R,H,R,H
155,155,378.0,378.0,418.0,418.0,399.0,E,M,H,399.0,MET,A,P14385,399.0,M,M,H,M,H
156,156,379.0,379.0,419.0,419.0,400.0,E,L,H,400.0,LEU,A,P14385,400.0,L,L,H,L,H
157,157,380.0,380.0,420.0,420.0,401.0,E,E,C,401.0,GLU,A,P14385,401.0,E,E,H,E,C
158,158,381.0,381.0,421.0,421.0,402.0,E,R,C,402.0,ARG,A,P14385,402.0,R,R,C,R,C
159,159,382.0,382.0,422.0,422.0,403.0,E,L,C,403.0,LEU,A,P14385,403.0,L,L,C,L,C
160,160,383.0,383.0,423.0,423.0,404.0,E,P,E,404.0,PRO,A,P14385,404.0,P,P,E,P,E
161,161,384.0,384.0,424.0,424.0,405.0,E,V,E,405.0,VAL,A,P14385,405.0,V,V,E,V,E
162,162,385.0,385.0,425.0,425.0,406.0,E,R,C,406.0,ARG,A,P14385,406.0,R,R,C,R,C
163,163,386.0,386.0,426.0,426.0,407.0,E,R,C,407.0,ARG,A,P14385,407.0,R,R,C,R,C
164,164,387.0,387.0,427.0,427.0,408.0,E,E,C,408.0,GLU,A,P14385,408.0,E,E,C,E,C
165,165,388.0,388.0,428.0,428.0,409.0,E,Y,C,409.0,TYR,A,P14385,409.0,Y,Y,C,Y,C
166,166,389.0,389.0,429.0,429.0,410.0,E,G,E,410.0,GLY,A,P14385,410.0,G,G,E,G,E
167,167,390.0,390.0,430.0,430.0,411.0,E,F,E,411.0,PHE,A,P14385,411.0,F,F,E,F,E
168,168,391.0,391.0,431.0,431.0,412.0,E,H,E,412.0,HIS,A,P14385,412.0,H,H,E,H,E
169,169,392.0,392.0,432.0,432.0,413.0,E,T,C,413.0,THR,A,P14385,413.0,T,T,C,T,C
