,Unnamed: 0,Unnamed: 0.1,Unnamed: 0.1.1,RES,CHAIN,AA,SS_CLASS,PDB_dbResNum,PDB_dbResName,PDB_dbChainId,UniProt_dbAccessionId,UniProt_dbResNum,UniProt_dbResName,PDB_codeSecondaryStructure,PDB_nameSecondaryStructure,shifted Uni,AF_predictions,Jpred_seq,Jpred_SS_pred
0,0,0,0,1.0,A,M,C,1.0,MET,A,P0A8S9,1.0,M,T,loop,M,C,M,C
1,1,1,1,2.0,A,H,C,2.0,HIS,A,P0A8S9,2.0,H,T,loop,H,C,H,C
2,2,2,2,3.0,A,T,C,3.0,THR,A,P0A8S9,3.0,T,H,helix,T,H,T,C
3,3,3,3,4.0,A,S,H,4.0,SER,A,P0A8S9,4.0,S,H,helix,S,H,S,H
4,4,4,4,5.0,A,E,H,5.0,GLU,A,P0A8S9,5.0,E,H,helix,E,H,E,H
5,5,5,5,6.0,A,L,H,6.0,LEU,A,P0A8S9,6.0,L,H,helix,L,H,L,H
6,6,6,6,7.0,A,L,H,7.0,LEU,A,P0A8S9,7.0,L,H,helix,L,H,L,H
7,7,7,7,8.0,A,K,H,8.0,LYS,A,P0A8S9,8.0,K,H,helix,K,H,K,H
8,8,8,8,9.0,A,H,H,9.0,HIS,A,P0A8S9,9.0,H,H,helix,H,H,H,H
9,9,9,9,10.0,A,I,H,10.0,ILE,A,P0A8S9,10.0,I,H,helix,I,H,I,H
10,10,10,10,11.0,A,Y,H,11.0,TYR,A,P0A8S9,11.0,Y,H,helix,Y,H,Y,H
11,11,11,11,12.0,A,D,H,12.0,ASP,A,P0A8S9,12.0,D,H,helix,D,H,D,H
12,12,12,12,13.0,A,I,H,13.0,ILE,A,P0A8S9,13.0,I,H,helix,I,H,I,H
13,13,13,13,14.0,A,N,H,14.0,ASN,A,P0A8S9,14.0,N,H,helix,N,H,N,H
14,14,14,14,15.0,A,L,H,15.0,LEU,A,P0A8S9,15.0,L,H,helix,L,H,L,H
15,15,15,15,16.0,A,S,H,16.0,SER,A,P0A8S9,16.0,S,H,helix,S,H,S,H
16,16,16,16,17.0,A,Y,H,17.0,TYR,A,P0A8S9,17.0,Y,H,helix,Y,H,Y,H
17,17,17,17,18.0,A,L,H,18.0,LEU,A,P0A8S9,18.0,L,H,helix,L,H,L,H
18,18,18,18,19.0,A,L,H,19.0,LEU,A,P0A8S9,19.0,L,H,helix,L,H,L,H
19,19,19,19,20.0,A,L,H,20.0,LEU,A,P0A8S9,20.0,L,H,helix,L,H,L,H
20,20,20,20,21.0,A,A,H,21.0,ALA,A,P0A8S9,21.0,A,H,helix,A,H,A,H
21,21,21,21,22.0,A,Q,H,22.0,GLN,A,P0A8S9,22.0,Q,H,helix,Q,H,Q,H
22,22,22,22,23.0,A,R,H,23.0,ARG,A,P0A8S9,23.0,R,H,helix,R,H,R,H
23,23,23,23,24.0,A,L,H,24.0,LEU,A,P0A8S9,24.0,L,H,helix,L,H,L,H
24,24,24,24,25.0,A,I,H,25.0,ILE,A,P0A8S9,25.0,I,H,helix,I,H,I,H
25,25,25,25,26.0,A,V,H,26.0,VAL,A,P0A8S9,26.0,V,H,helix,V,H,V,H
26,26,26,26,27.0,A,Q,H,27.0,GLN,A,P0A8S9,27.0,Q,H,helix,Q,H,Q,H
27,27,27,27,28.0,A,D,C,28.0,ASP,A,P0A8S9,28.0,D,H,helix,D,C,D,C
28,28,28,28,29.0,A,K,H,29.0,LYS,A,P0A8S9,29.0,K,H,helix,K,H,K,H
29,29,29,29,30.0,A,A,H,30.0,ALA,A,P0A8S9,30.0,A,H,helix,A,H,A,H
30,30,30,30,31.0,A,S,H,31.0,SER,A,P0A8S9,31.0,S,H,helix,S,H,S,H
31,31,31,31,32.0,A,A,H,32.0,ALA,A,P0A8S9,32.0,A,H,helix,A,H,A,H
32,32,32,32,33.0,A,M,H,33.0,MET,A,P0A8S9,33.0,M,H,helix,M,H,M,H
33,33,33,33,34.0,A,F,H,34.0,PHE,A,P0A8S9,34.0,F,H,helix,F,H,F,H
34,34,34,34,35.0,A,R,H,35.0,ARG,A,P0A8S9,35.0,R,H,helix,R,H,R,H
35,35,35,35,36.0,A,L,H,36.0,LEU,A,P0A8S9,36.0,L,H,helix,L,H,L,H
36,36,36,36,37.0,A,G,C,37.0,GLY,A,P0A8S9,37.0,G,H,helix,G,C,G,C
37,37,37,37,38.0,A,I,C,38.0,ILE,A,P0A8S9,38.0,I,T,loop,I,C,I,C
38,38,38,38,39.0,A,N,C,39.0,ASN,A,P0A8S9,39.0,N,H,helix,N,C,N,C
39,39,39,39,40.0,A,E,H,40.0,GLU,A,P0A8S9,40.0,E,H,helix,E,H,E,H
40,40,40,40,41.0,A,E,H,41.0,GLU,A,P0A8S9,41.0,E,H,helix,E,H,E,H
41,41,41,41,42.0,A,M,H,42.0,MET,A,P0A8S9,42.0,M,H,helix,M,H,M,H
42,42,42,42,43.0,A,A,H,43.0,ALA,A,P0A8S9,43.0,A,H,helix,A,H,A,H
43,43,43,43,44.0,A,T,H,44.0,THR,A,P0A8S9,44.0,T,H,helix,T,H,T,H
44,44,44,44,45.0,A,T,H,45.0,THR,A,P0A8S9,45.0,T,H,helix,T,H,T,H
45,45,45,45,46.0,A,L,H,46.0,LEU,A,P0A8S9,46.0,L,H,helix,L,H,L,H
46,46,46,46,47.0,A,A,H,47.0,ALA,A,P0A8S9,47.0,A,H,helix,A,H,A,H
47,47,47,47,48.0,A,A,C,48.0,ALA,A,P0A8S9,48.0,A,H,helix,A,C,A,C
48,48,48,48,49.0,A,L,C,49.0,LEU,A,P0A8S9,49.0,L,T,loop,L,C,L,C
49,49,49,49,50.0,A,T,C,50.0,THR,A,P0A8S9,50.0,T,H,helix,T,C,T,C
50,50,50,50,51.0,A,L,H,51.0,LEU,A,P0A8S9,51.0,L,H,helix,L,H,L,H
51,51,51,51,52.0,A,P,H,52.0,PRO,A,P0A8S9,52.0,P,H,helix,P,H,P,H
52,52,52,52,53.0,A,Q,H,53.0,GLN,A,P0A8S9,53.0,Q,H,helix,Q,H,Q,H
53,53,53,53,54.0,A,M,H,54.0,MET,A,P0A8S9,54.0,M,H,helix,M,H,M,H
54,54,54,54,55.0,A,V,H,55.0,VAL,A,P0A8S9,55.0,V,H,helix,V,H,V,H
55,55,55,55,56.0,A,K,H,56.0,LYS,A,P0A8S9,56.0,K,H,helix,K,H,K,H
56,56,56,56,57.0,A,L,H,57.0,LEU,A,P0A8S9,57.0,L,H,helix,L,H,L,H
57,57,57,57,58.0,A,A,H,58.0,ALA,A,P0A8S9,58.0,A,H,helix,A,H,A,H
58,58,58,58,59.0,A,E,C,59.0,GLU,A,P0A8S9,59.0,E,H,helix,E,C,E,C
59,59,59,59,60.0,A,T,C,60.0,THR,A,P0A8S9,60.0,T,T,loop,T,C,T,C
60,60,60,60,61.0,A,N,C,61.0,ASN,A,P0A8S9,61.0,N,T,loop,N,C,N,C
61,61,61,61,62.0,A,Q,C,62.0,GLN,A,P0A8S9,62.0,Q,T,loop,Q,C,Q,C
62,62,62,62,63.0,A,L,C,63.0,LEU,A,P0A8S9,63.0,L,T,loop,L,C,L,C
63,63,63,63,64.0,A,V,C,64.0,VAL,A,P0A8S9,64.0,V,T,loop,V,C,V,C
64,64,64,64,65.0,A,a,E,65.0,CYS,A,P0A8S9,65.0,C,E,strand,C,C,C,E
65,65,65,65,66.0,A,H,E,66.0,HIS,A,P0A8S9,66.0,H,E,strand,H,C,H,E
66,66,66,66,67.0,A,F,E,67.0,PHE,A,P0A8S9,67.0,F,E,strand,F,C,F,E
67,67,67,67,68.0,A,R,C,68.0,ARG,A,P0A8S9,68.0,R,T,loop,R,C,R,C
68,68,68,68,69.0,A,F,C,69.0,PHE,A,P0A8S9,69.0,F,T,loop,F,C,F,C
69,69,69,69,70.0,A,D,C,70.0,ASP,A,P0A8S9,70.0,D,T,loop,D,C,D,C
70,70,70,70,71.0,A,S,C,71.0,SER,A,P0A8S9,71.0,S,H,helix,S,C,S,C
71,71,71,71,72.0,A,H,H,72.0,HIS,A,P0A8S9,72.0,H,H,helix,H,H,H,H
72,72,72,72,73.0,A,Q,H,73.0,GLN,A,P0A8S9,73.0,Q,H,helix,Q,H,Q,H
73,73,73,73,74.0,A,T,H,74.0,THR,A,P0A8S9,74.0,T,H,helix,T,H,T,H
74,74,74,74,75.0,A,I,H,75.0,ILE,A,P0A8S9,75.0,I,H,helix,I,H,I,H
75,75,75,75,76.0,A,T,H,76.0,THR,A,P0A8S9,76.0,T,H,helix,T,H,T,H
76,76,76,76,77.0,A,Q,H,77.0,GLN,A,P0A8S9,77.0,Q,H,helix,Q,H,Q,H
77,77,77,77,78.0,A,L,H,78.0,LEU,A,P0A8S9,78.0,L,H,helix,L,H,L,H
78,78,78,78,79.0,A,T,C,79.0,THR,A,P0A8S9,79.0,T,H,helix,T,C,T,C
79,79,79,79,80.0,A,Q,C,80.0,GLN,A,P0A8S9,80.0,Q,T,loop,Q,C,Q,C
80,80,80,80,81.0,A,D,C,81.0,ASP,A,P0A8S9,81.0,D,T,loop,D,C,D,C
81,81,81,81,82.0,A,S,C,82.0,SER,A,P0A8S9,82.0,S,H,helix,S,C,S,C
82,82,82,82,83.0,A,R,H,83.0,ARG,A,P0A8S9,83.0,R,H,helix,R,C,R,H
83,83,83,83,84.0,A,V,H,84.0,VAL,A,P0A8S9,84.0,V,H,helix,V,C,V,H
84,84,84,84,85.0,A,D,H,85.0,ASP,A,P0A8S9,85.0,D,H,helix,D,H,D,H
85,85,85,85,86.0,A,D,H,86.0,ASP,A,P0A8S9,86.0,D,H,helix,D,H,D,H
86,86,86,86,87.0,A,L,H,87.0,LEU,A,P0A8S9,87.0,L,H,helix,L,H,L,H
87,87,87,87,88.0,A,Q,H,88.0,GLN,A,P0A8S9,88.0,Q,H,helix,Q,H,Q,H
88,88,88,88,89.0,A,Q,H,89.0,GLN,A,P0A8S9,89.0,Q,H,helix,Q,H,Q,H
89,89,89,89,90.0,A,I,H,90.0,ILE,A,P0A8S9,90.0,I,H,helix,I,H,I,H
90,90,90,90,91.0,A,H,H,91.0,HIS,A,P0A8S9,91.0,H,H,helix,H,H,H,H
91,91,91,91,92.0,A,T,C,92.0,THR,A,P0A8S9,92.0,T,H,helix,T,H,T,C
92,92,92,92,93.0,A,G,C,93.0,GLY,A,P0A8S9,93.0,G,H,helix,G,H,G,C
93,93,93,93,94.0,A,I,C,94.0,ILE,A,P0A8S9,94.0,I,H,helix,I,H,I,C
94,94,94,94,95.0,A,M,C,95.0,MET,A,P0A8S9,95.0,M,H,helix,M,H,M,C
95,95,95,95,96.0,A,L,C,96.0,LEU,A,P0A8S9,96.0,L,H,helix,L,H,L,C
96,96,96,96,97.0,A,S,C,97.0,SER,A,P0A8S9,97.0,S,H,helix,S,H,S,C
