,Unnamed: 0.2,Unnamed: 0.1,Unnamed: 0,RES,CHAIN,AA,SS_CLASS,PDB_dbResNum,PDB_dbResName,PDB_dbChainId,UniProt_dbAccessionId,UniProt_dbResNum,UniProt_dbResName,shifted Uni,AF_predictions,Jpred_seq,Jpred_SS_pred
0,0,0,0,1.0,A,S,C,1.0,SER,A,Q9LNF2,28.0,S,S,H,S,C
1,1,1,1,2.0,A,S,C,2.0,SER,A,Q9LNF2,29.0,S,S,H,S,C
2,2,2,2,3.0,A,E,C,3.0,GLU,A,Q9LNF2,30.0,E,E,H,E,C
3,3,3,3,4.0,A,M,C,4.0,MET,A,Q9LNF2,31.0,M,M,H,M,C
4,4,4,4,5.0,A,S,C,5.0,SER,A,Q9LNF2,32.0,S,S,H,S,C
5,5,5,5,6.0,A,T,C,6.0,THR,A,Q9LNF2,33.0,T,T,H,T,C
6,6,6,6,7.0,A,I,C,7.0,ILE,A,Q9LNF2,34.0,I,I,H,I,C
7,7,7,7,8.0,A,a,C,8.0,CYS,A,Q9LNF2,35.0,C,C,H,C,C
8,8,8,8,9.0,A,D,C,9.0,ASP,A,Q9LNF2,36.0,D,D,C,D,C
9,9,9,9,10.0,A,K,C,10.0,LYS,A,Q9LNF2,37.0,K,K,C,K,C
10,10,10,10,11.0,A,T,C,11.0,THR,A,Q9LNF2,38.0,T,T,C,T,C
11,11,11,11,12.0,A,L,C,12.0,LEU,A,Q9LNF2,39.0,L,L,C,L,C
12,12,12,12,13.0,A,N,C,13.0,ASN,A,Q9LNF2,40.0,N,N,C,N,C
13,13,13,13,14.0,A,P,H,14.0,PRO,A,Q9LNF2,41.0,P,P,H,P,H
14,14,14,14,15.0,A,S,H,15.0,SER,A,Q9LNF2,42.0,S,S,H,S,H
15,15,15,15,16.0,A,F,H,16.0,PHE,A,Q9LNF2,43.0,F,F,H,F,H
16,16,16,16,17.0,A,a,H,17.0,CYS,A,Q9LNF2,44.0,C,C,H,C,H
17,17,17,17,18.0,A,L,H,18.0,LEU,A,Q9LNF2,45.0,L,L,H,L,H
18,18,18,18,19.0,A,K,H,19.0,LYS,A,Q9LNF2,46.0,K,K,H,K,H
19,19,19,19,20.0,A,F,H,20.0,PHE,A,Q9LNF2,47.0,F,F,H,F,H
20,20,20,20,21.0,A,L,H,21.0,LEU,A,Q9LNF2,48.0,L,L,H,L,H
21,21,21,21,22.0,A,N,H,22.0,ASN,A,Q9LNF2,49.0,N,N,H,N,H
22,22,22,22,23.0,A,T,H,23.0,THR,A,Q9LNF2,50.0,T,T,C,T,H
23,23,23,23,24.0,A,K,C,24.0,LYS,A,Q9LNF2,51.0,K,K,C,K,C
24,24,24,24,25.0,A,F,C,25.0,PHE,A,Q9LNF2,52.0,F,F,C,F,C
25,25,25,25,26.0,A,A,C,26.0,ALA,A,Q9LNF2,53.0,A,A,C,A,C
26,26,26,26,27.0,A,S,C,27.0,SER,A,Q9LNF2,54.0,S,S,C,S,C
28,28,28,28,29.0,A,N,C,29.0,ASN,A,Q9LNF2,56.0,N,N,C,N,C
29,29,29,29,30.0,A,L,H,30.0,LEU,A,Q9LNF2,57.0,L,L,H,L,H
30,30,30,30,31.0,A,Q,H,31.0,GLN,A,Q9LNF2,58.0,Q,Q,H,Q,H
31,31,31,31,32.0,A,A,H,32.0,ALA,A,Q9LNF2,59.0,A,A,H,A,H
32,32,32,32,33.0,A,L,H,33.0,LEU,A,Q9LNF2,60.0,L,L,H,L,H
33,33,33,33,34.0,A,A,H,34.0,ALA,A,Q9LNF2,61.0,A,A,H,A,H
34,34,34,34,35.0,A,K,H,35.0,LYS,A,Q9LNF2,62.0,K,K,H,K,H
35,35,35,35,36.0,A,T,H,36.0,THR,A,Q9LNF2,63.0,T,T,H,T,H
36,36,36,36,37.0,A,T,H,37.0,THR,A,Q9LNF2,64.0,T,T,H,T,H
37,37,37,37,38.0,A,L,H,38.0,LEU,A,Q9LNF2,65.0,L,L,H,L,H
38,38,38,38,39.0,A,D,H,39.0,ASP,A,Q9LNF2,66.0,D,D,H,D,H
39,39,39,39,40.0,A,S,H,40.0,SER,A,Q9LNF2,67.0,S,S,H,S,H
40,40,40,40,41.0,A,T,H,41.0,THR,A,Q9LNF2,68.0,T,T,H,T,H
41,41,41,41,42.0,A,Q,H,42.0,GLN,A,Q9LNF2,69.0,Q,Q,H,Q,H
42,42,42,42,43.0,A,A,H,43.0,ALA,A,Q9LNF2,70.0,A,A,H,A,H
43,43,43,43,44.0,A,R,H,44.0,ARG,A,Q9LNF2,71.0,R,R,H,R,H
44,44,44,44,45.0,A,A,H,45.0,ALA,A,Q9LNF2,72.0,A,A,H,A,H
45,45,45,45,46.0,A,T,H,46.0,THR,A,Q9LNF2,73.0,T,T,H,T,H
46,46,46,46,47.0,A,Q,H,47.0,GLN,A,Q9LNF2,74.0,Q,Q,H,Q,H
47,47,47,47,48.0,A,T,H,48.0,THR,A,Q9LNF2,75.0,T,T,H,T,H
48,48,48,48,49.0,A,L,H,49.0,LEU,A,Q9LNF2,76.0,L,L,H,L,H
49,49,49,49,50.0,A,K,H,50.0,LYS,A,Q9LNF2,77.0,K,K,H,K,H
50,50,50,50,51.0,A,K,H,51.0,LYS,A,Q9LNF2,78.0,K,K,H,K,H
51,51,51,51,52.0,A,L,H,52.0,LEU,A,Q9LNF2,79.0,L,L,H,L,H
52,52,52,52,53.0,A,Q,H,53.0,GLN,A,Q9LNF2,80.0,Q,Q,H,Q,H
53,53,53,53,54.0,A,S,H,54.0,SER,A,Q9LNF2,81.0,S,S,H,S,H
54,54,54,54,55.0,A,I,H,55.0,ILE,A,Q9LNF2,82.0,I,I,H,I,H
55,55,55,55,56.0,A,I,H,56.0,ILE,A,Q9LNF2,83.0,I,I,H,I,H
56,56,56,56,57.0,A,D,H,57.0,ASP,A,Q9LNF2,84.0,D,D,H,D,H
57,57,57,57,58.0,A,G,H,58.0,GLY,A,Q9LNF2,85.0,G,G,C,G,H
58,58,58,58,59.0,A,G,C,59.0,GLY,A,Q9LNF2,86.0,G,G,C,G,C
59,59,59,59,60.0,A,V,C,60.0,VAL,A,Q9LNF2,87.0,V,V,C,V,C
60,60,60,60,61.0,A,D,C,61.0,ASP,A,Q9LNF2,88.0,D,D,C,D,C
61,61,61,61,62.0,A,P,H,62.0,PRO,A,Q9LNF2,89.0,P,P,H,P,H
62,62,62,62,63.0,A,R,H,63.0,ARG,A,Q9LNF2,90.0,R,R,H,R,H
63,63,63,63,64.0,A,S,H,64.0,SER,A,Q9LNF2,91.0,S,S,H,S,H
64,64,64,64,65.0,A,K,H,65.0,LYS,A,Q9LNF2,92.0,K,K,H,K,H
65,65,65,65,66.0,A,L,H,66.0,LEU,A,Q9LNF2,93.0,L,L,H,L,H
66,66,66,66,67.0,A,A,H,67.0,ALA,A,Q9LNF2,94.0,A,A,H,A,H
67,67,67,67,68.0,A,Y,H,68.0,TYR,A,Q9LNF2,95.0,Y,Y,H,Y,H
68,68,68,68,69.0,A,R,H,69.0,ARG,A,Q9LNF2,96.0,R,R,H,R,H
69,69,69,69,70.0,A,S,H,70.0,SER,A,Q9LNF2,97.0,S,S,H,S,H
70,70,70,70,71.0,A,b,H,71.0,CYS,A,Q9LNF2,98.0,C,C,H,C,H
71,71,71,71,72.0,A,V,H,72.0,VAL,A,Q9LNF2,99.0,V,V,H,V,H
72,72,72,72,73.0,A,D,H,73.0,ASP,A,Q9LNF2,100.0,D,D,H,D,H
73,73,73,73,74.0,A,E,H,74.0,GLU,A,Q9LNF2,101.0,E,E,H,E,H
74,74,74,74,75.0,A,Y,H,75.0,TYR,A,Q9LNF2,102.0,Y,Y,H,Y,H
75,75,75,75,76.0,A,E,H,76.0,GLU,A,Q9LNF2,103.0,E,E,H,E,H
76,76,76,76,77.0,A,S,H,77.0,SER,A,Q9LNF2,104.0,S,S,H,S,H
77,77,77,77,78.0,A,A,H,78.0,ALA,A,Q9LNF2,105.0,A,A,H,A,H
78,78,78,78,79.0,A,I,H,79.0,ILE,A,Q9LNF2,106.0,I,I,H,I,H
79,79,79,79,80.0,A,G,H,80.0,GLY,A,Q9LNF2,107.0,G,G,H,G,H
80,80,80,80,81.0,A,N,H,81.0,ASN,A,Q9LNF2,108.0,N,N,H,N,H
81,81,81,81,82.0,A,L,H,82.0,LEU,A,Q9LNF2,109.0,L,L,H,L,H
82,82,82,82,83.0,A,E,H,83.0,GLU,A,Q9LNF2,110.0,E,E,H,E,H
83,83,83,83,84.0,A,E,H,84.0,GLU,A,Q9LNF2,111.0,E,E,H,E,H
84,84,84,84,85.0,A,A,H,85.0,ALA,A,Q9LNF2,112.0,A,A,H,A,H
85,85,85,85,86.0,A,F,H,86.0,PHE,A,Q9LNF2,113.0,F,F,H,F,H
86,86,86,86,87.0,A,E,H,87.0,GLU,A,Q9LNF2,114.0,E,E,H,E,H
87,87,87,87,88.0,A,H,H,88.0,HIS,A,Q9LNF2,115.0,H,H,H,H,H
88,88,88,88,89.0,A,L,H,89.0,LEU,A,Q9LNF2,116.0,L,L,H,L,H
89,89,89,89,90.0,A,A,H,90.0,ALA,A,Q9LNF2,117.0,A,A,H,A,H
90,90,90,90,91.0,A,S,C,91.0,SER,A,Q9LNF2,118.0,S,S,H,S,C
91,91,91,91,92.0,A,G,C,92.0,GLY,A,Q9LNF2,119.0,G,G,C,G,C
92,92,92,92,93.0,A,D,C,93.0,ASP,A,Q9LNF2,120.0,D,D,C,D,C
93,93,93,93,94.0,A,G,H,94.0,GLY,A,Q9LNF2,121.0,G,G,H,G,H
94,94,94,94,95.0,A,M,H,95.0,MET,A,Q9LNF2,122.0,M,M,H,M,H
95,95,95,95,96.0,A,G,H,96.0,GLY,A,Q9LNF2,123.0,G,G,H,G,H
96,96,96,96,97.0,A,M,H,97.0,MET,A,Q9LNF2,124.0,M,M,H,M,H
97,97,97,97,98.0,A,N,H,98.0,ASN,A,Q9LNF2,125.0,N,N,H,N,H
98,98,98,98,99.0,A,M,H,99.0,MET,A,Q9LNF2,126.0,M,M,H,M,H
99,99,99,99,100.0,A,K,H,100.0,LYS,A,Q9LNF2,127.0,K,K,H,K,H
100,100,100,100,101.0,A,V,H,101.0,VAL,A,Q9LNF2,128.0,V,V,H,V,H
101,101,101,101,102.0,A,S,H,102.0,SER,A,Q9LNF2,129.0,S,S,H,S,H
102,102,102,102,103.0,A,A,H,103.0,ALA,A,Q9LNF2,130.0,A,A,H,A,H
103,103,103,103,104.0,A,A,H,104.0,ALA,A,Q9LNF2,131.0,A,A,H,A,H
104,104,104,104,105.0,A,L,H,105.0,LEU,A,Q9LNF2,132.0,L,L,H,L,H
105,105,105,105,106.0,A,D,H,106.0,ASP,A,Q9LNF2,133.0,D,D,H,D,H
106,106,106,106,107.0,A,G,H,107.0,GLY,A,Q9LNF2,134.0,G,G,H,G,H
107,107,107,107,108.0,A,A,H,108.0,ALA,A,Q9LNF2,135.0,A,A,H,A,H
108,108,108,108,109.0,A,D,H,109.0,ASP,A,Q9LNF2,136.0,D,D,H,D,H
109,109,109,109,110.0,A,T,H,110.0,THR,A,Q9LNF2,137.0,T,T,H,T,H
110,110,110,110,111.0,A,b,H,111.0,CYS,A,Q9LNF2,138.0,C,C,H,C,H
111,111,111,111,112.0,A,L,H,112.0,LEU,A,Q9LNF2,139.0,L,L,H,L,H
112,112,112,112,113.0,A,D,H,113.0,ASP,A,Q9LNF2,140.0,D,D,H,D,H
113,113,113,113,114.0,A,D,H,114.0,ASP,A,Q9LNF2,141.0,D,D,H,D,H
114,114,114,114,115.0,A,V,H,115.0,VAL,A,Q9LNF2,142.0,V,V,H,V,H
115,115,115,115,116.0,A,K,C,116.0,LYS,A,Q9LNF2,143.0,K,K,C,K,C
116,116,116,116,117.0,A,R,C,117.0,ARG,A,Q9LNF2,144.0,R,R,C,R,C
117,117,117,117,118.0,A,L,C,118.0,LEU,A,Q9LNF2,145.0,L,L,C,L,C
118,118,118,118,119.0,A,R,C,119.0,ARG,A,Q9LNF2,146.0,R,R,C,R,C
119,119,119,119,120.0,A,S,C,120.0,SER,A,Q9LNF2,147.0,S,S,C,S,C
120,120,120,120,121.0,A,V,C,121.0,VAL,A,Q9LNF2,148.0,V,V,C,V,C
121,121,121,121,122.0,A,D,C,122.0,ASP,A,Q9LNF2,149.0,D,D,C,D,C
122,122,122,122,123.0,A,S,H,123.0,SER,A,Q9LNF2,150.0,S,S,H,S,H
123,123,123,123,124.0,A,S,H,124.0,SER,A,Q9LNF2,151.0,S,S,H,S,H
124,124,124,124,125.0,A,V,H,125.0,VAL,A,Q9LNF2,152.0,V,V,H,V,H
125,125,125,125,126.0,A,V,H,126.0,VAL,A,Q9LNF2,153.0,V,V,H,V,H
126,126,126,126,127.0,A,N,H,127.0,ASN,A,Q9LNF2,154.0,N,N,H,N,H
127,127,127,127,128.0,A,N,H,128.0,ASN,A,Q9LNF2,155.0,N,N,H,N,H
128,128,128,128,129.0,A,S,H,129.0,SER,A,Q9LNF2,156.0,S,S,H,S,H
129,129,129,129,130.0,A,K,H,130.0,LYS,A,Q9LNF2,157.0,K,K,H,K,H
130,130,130,130,131.0,A,T,H,131.0,THR,A,Q9LNF2,158.0,T,T,H,T,H
131,131,131,131,132.0,A,I,H,132.0,ILE,A,Q9LNF2,159.0,I,I,H,I,H
132,132,132,132,133.0,A,K,H,133.0,LYS,A,Q9LNF2,160.0,K,K,H,K,H
133,133,133,133,134.0,A,N,H,134.0,ASN,A,Q9LNF2,161.0,N,N,H,N,H
134,134,134,134,135.0,A,L,H,135.0,LEU,A,Q9LNF2,162.0,L,L,H,L,H
135,135,135,135,136.0,A,C,H,136.0,CYS,A,Q9LNF2,163.0,C,C,H,C,H
136,136,136,136,137.0,A,G,H,137.0,GLY,A,Q9LNF2,164.0,G,G,H,G,H
137,137,137,137,138.0,A,I,H,138.0,ILE,A,Q9LNF2,165.0,I,I,H,I,H
138,138,138,138,139.0,A,A,H,139.0,ALA,A,Q9LNF2,166.0,A,A,H,A,H
139,139,139,139,140.0,A,L,H,140.0,LEU,A,Q9LNF2,167.0,L,L,H,L,H
140,140,140,140,141.0,A,V,H,141.0,VAL,A,Q9LNF2,168.0,V,V,H,V,H
141,141,141,141,142.0,A,I,H,142.0,ILE,A,Q9LNF2,169.0,I,I,H,I,H
142,142,142,142,143.0,A,S,H,143.0,SER,A,Q9LNF2,170.0,S,S,H,S,H
143,143,143,143,144.0,A,N,H,144.0,ASN,A,Q9LNF2,171.0,N,N,C,N,H
144,144,144,144,145.0,A,M,H,145.0,MET,A,Q9LNF2,172.0,M,M,C,M,H
145,145,145,145,146.0,A,L,C,146.0,LEU,A,Q9LNF2,173.0,L,L,C,L,C
146,146,146,146,147.0,A,P,C,147.0,PRO,A,Q9LNF2,174.0,P,P,C,P,C
147,147,147,147,148.0,A,R,C,148.0,ARG,A,Q9LNF2,175.0,R,R,C,R,C
