,Unnamed: 0.4,Unnamed: 0.3,Unnamed: 0.2,Unnamed: 0.1,Unnamed: 0,RES,CHAIN,AA,SS_CLASS,PDB_dbResNum,PDB_dbResName,PDB_dbChainId,UniProt_dbAccessionId,UniProt_dbResNum,UniProt_dbResName,shifted Uni,AF_predictions,Jpred_seq,Jpred_SS_pred
0,0,0,0,334,334,2.0,B,G,C,2.0,GLY,B,D0VWR1,1.0,G,M,C,G,C
1,1,1,1,335,335,3.0,B,L,C,3.0,LEU,B,D0VWR1,2.0,L,E,H,L,E
2,2,2,2,336,336,4.0,B,P,C,4.0,PRO,B,D0VWR1,3.0,P,T,H,P,C
3,3,3,3,337,337,5.0,B,W,C,5.0,TRP,B,D0VWR1,4.0,W,I,H,W,C
4,4,4,4,338,338,6.0,B,Y,C,6.0,TYR,B,D0VWR1,5.0,Y,T,H,Y,C
5,5,5,5,339,339,7.0,B,R,C,7.0,ARG,B,D0VWR1,6.0,R,Y,H,R,C
6,6,6,6,340,340,8.0,B,V,C,8.0,VAL,B,D0VWR1,7.0,V,V,H,V,C
7,7,7,7,341,341,9.0,B,H,C,9.0,HIS,B,D0VWR1,8.0,H,F,H,H,C
8,8,8,8,342,342,10.0,B,T,C,10.0,THR,B,D0VWR1,9.0,T,I,H,T,C
9,9,9,9,343,343,11.0,B,V,C,11.0,VAL,B,D0VWR1,10.0,V,F,H,V,C
10,10,10,10,344,344,12.0,B,L,C,12.0,LEU,B,D0VWR1,11.0,L,A,H,L,C
11,11,11,11,345,345,13.0,B,I,C,13.0,ILE,B,D0VWR1,12.0,I,C,H,I,C
12,12,12,12,346,346,14.0,B,N,C,14.0,ASN,B,D0VWR1,13.0,N,I,H,N,C
13,13,13,13,347,347,15.0,B,D,C,15.0,ASP,B,D0VWR1,14.0,D,I,H,D,C
14,14,14,14,348,348,16.0,B,P,H,16.0,PRO,B,D0VWR1,15.0,P,A,H,P,H
15,15,15,15,349,349,17.0,B,G,H,17.0,GLY,B,D0VWR1,16.0,G,L,H,G,H
16,16,16,16,350,350,18.0,B,R,H,18.0,ARG,B,D0VWR1,17.0,R,F,H,R,H
17,17,17,17,351,351,19.0,B,L,H,19.0,LEU,B,D0VWR1,18.0,L,F,H,L,H
18,18,18,18,352,352,20.0,B,I,H,20.0,ILE,B,D0VWR1,19.0,I,F,H,I,H
19,19,19,19,353,353,21.0,B,A,H,21.0,ALA,B,D0VWR1,20.0,A,A,H,A,H
20,20,20,20,354,354,22.0,B,A,H,22.0,ALA,B,D0VWR1,21.0,A,I,H,A,H
21,21,21,21,355,355,23.0,B,H,H,23.0,HIS,B,D0VWR1,22.0,H,F,H,H,H
22,22,22,22,356,356,24.0,B,L,H,24.0,LEU,B,D0VWR1,23.0,L,F,C,L,H
23,23,23,23,357,357,25.0,B,M,H,25.0,MET,B,D0VWR1,24.0,M,R,C,M,H
24,24,24,24,358,358,26.0,B,H,H,26.0,HIS,B,D0VWR1,25.0,H,E,C,H,H
25,25,25,25,359,359,27.0,B,T,H,27.0,THR,B,D0VWR1,26.0,T,P,C,T,H
26,26,26,26,360,360,28.0,B,A,H,28.0,ALA,B,D0VWR1,27.0,A,P,C,A,H
27,27,27,27,361,361,29.0,B,L,H,29.0,LEU,B,D0VWR1,28.0,L,R,C,L,H
28,28,28,28,362,362,30.0,B,V,H,30.0,VAL,B,D0VWR1,29.0,V,I,C,V,H
29,29,29,29,363,363,31.0,B,A,H,31.0,ALA,B,D0VWR1,30.0,A,T,C,A,H
30,30,30,30,364,364,32.0,B,G,H,32.0,GLY,B,D0VWR1,31.0,G,K,C,G,H
